AAML (in paml version 4.10.7, June 2023)  tmp0001.txt
Model: Empirical_F,  (/data/scratch/btx126/LUCAdup/control_files/lg.dat) dGamma (ncatG=4) ns = 246  ls = 1680


Frequencies..
                                    A      R      N      D      C      Q      E      G      H      I      L      K      M      F      P      S      T      W      Y      V
Acidobacterium_capsulatum_1    0.10320 0.06667 0.02922 0.04932 0.01005 0.03744 0.06941 0.07306 0.02283 0.05388 0.09772 0.04566 0.03562 0.03470 0.04201 0.03379 0.06667 0.01826 0.03288 0.07763
Acidobacterium_capsulatum_2    0.09662 0.06684 0.02250 0.06089 0.00728 0.03839 0.07412 0.07081 0.02316 0.05956 0.09398 0.04964 0.03177 0.03971 0.04434 0.03441 0.06684 0.01390 0.01985 0.08537
Actinomadura_madurae_1         0.09369 0.07196 0.02376 0.06449 0.00883 0.03938 0.06042 0.08690 0.01901 0.05431 0.09165 0.04141 0.02172 0.03530 0.04345 0.03666 0.06925 0.01222 0.02444 0.10115
Actinomadura_madurae_2         0.10226 0.07039 0.02125 0.07902 0.00730 0.03054 0.06242 0.07902 0.02258 0.05843 0.09031 0.02988 0.02789 0.04117 0.04980 0.03984 0.06042 0.01726 0.01660 0.09363
Aeropyrum_pernix_1             0.09386 0.07193 0.02018 0.05965 0.00351 0.02544 0.07193 0.07018 0.02368 0.05263 0.09825 0.05351 0.02105 0.04474 0.04825 0.04386 0.04561 0.02193 0.02544 0.10439
Aeropyrum_pernix_2             0.09389 0.08149 0.02037 0.05757 0.00531 0.01417 0.07440 0.06909 0.01949 0.07263 0.10097 0.06023 0.01949 0.03012 0.04252 0.03632 0.04606 0.02037 0.03454 0.10097
Agaricus_bisporus_1            0.08730 0.05258 0.04167 0.06349 0.01290 0.04167 0.04663 0.07440 0.01984 0.07738 0.08829 0.06052 0.02480 0.03968 0.04167 0.05655 0.06052 0.00595 0.01885 0.08532
Agaricus_bisporus_2            0.08476 0.04399 0.02897 0.05472 0.01288 0.04185 0.05794 0.07296 0.01609 0.07082 0.08691 0.06652 0.02361 0.03219 0.04292 0.06867 0.06867 0.00322 0.01931 0.10300
Agaricus_bisporus_mito_1       0.10534 0.07190 0.03178 0.06187 0.00837 0.03846 0.05686 0.09865 0.01673 0.08361 0.08862 0.05017 0.02843 0.02676 0.03512 0.04181 0.05184 0.00335 0.02342 0.07692
Agaricus_bisporus_mito_2       0.07910 0.04972 0.03616 0.06441 0.01243 0.02938 0.05650 0.07232 0.02260 0.07345 0.10056 0.05537 0.02825 0.04068 0.05198 0.04633 0.05989 0.01921 0.02486 0.07684
Amphimedon_queenslandica_1     0.08141 0.04620 0.03960 0.05611 0.01760 0.03630 0.05611 0.07481 0.02090 0.07701 0.09351 0.05501 0.02750 0.04400 0.03960 0.05171 0.05941 0.00440 0.01980 0.09901
Amphimedon_queenslandica_2     0.07626 0.05263 0.03115 0.05263 0.01933 0.03545 0.06660 0.07089 0.01504 0.07734 0.08271 0.05693 0.02900 0.03115 0.04082 0.06660 0.06660 0.00537 0.02363 0.09989
Amphimedon_queenslandica_mito_1 0.09531 0.06187 0.03345 0.06020 0.00502 0.04014 0.05518 0.09364 0.01840 0.07692 0.10033 0.05686 0.02342 0.02174 0.03512 0.04348 0.05853 0.00001 0.03010 0.09029
Amphimedon_queenslandica_mito_2 0.07353 0.05543 0.03846 0.07240 0.01584 0.02262 0.05656 0.07240 0.01923 0.06787 0.09729 0.05430 0.03054 0.04072 0.04977 0.04638 0.05317 0.02149 0.03054 0.08145
Aquifex_aeolicus_1             0.08817 0.05576 0.02638 0.05350 0.00829 0.03617 0.08139 0.07913 0.01733 0.06782 0.09570 0.08440 0.02035 0.03617 0.04295 0.02713 0.04748 0.01281 0.02864 0.09043
Arabidopsis_thaliana_1         0.06949 0.05085 0.03729 0.05593 0.01187 0.03221 0.05932 0.07966 0.02204 0.08305 0.08813 0.05085 0.03390 0.03390 0.05254 0.05593 0.06779 0.00170 0.02882 0.08474
Arabidopsis_thaliana_2         0.09091 0.05431 0.03424 0.05785 0.01889 0.02952 0.05549 0.06612 0.01653 0.06848 0.09327 0.05903 0.04250 0.02479 0.04604 0.06139 0.06139 0.00590 0.02715 0.08619
Arabidopsis_thaliana_chloro_1  0.10428 0.04514 0.02402 0.06626 0.01135 0.03247 0.07049 0.09161 0.02402 0.07049 0.08316 0.04514 0.02824 0.03247 0.02824 0.01980 0.06626 0.00290 0.02402 0.12963
Arabidopsis_thaliana_mito_1    0.07894 0.04514 0.02824 0.06204 0.01135 0.02824 0.07471 0.09161 0.02824 0.06626 0.08739 0.05782 0.03247 0.04092 0.04092 0.03247 0.04937 0.00290 0.02402 0.11696
Arabidopsis_thaliana_mito_2    0.08239 0.05982 0.03386 0.05982 0.01467 0.02370 0.06321 0.06772 0.01919 0.07449 0.09481 0.04966 0.02822 0.03499 0.05079 0.04515 0.05756 0.02483 0.02822 0.08691
Archaeoglobus_fulgidus_1       0.08742 0.06623 0.02119 0.05298 0.00662 0.03179 0.08344 0.08212 0.02517 0.07285 0.08742 0.04768 0.03841 0.03576 0.05166 0.04238 0.05430 0.00265 0.02781 0.08212
Archaeoglobus_fulgidus_2       0.08355 0.05968 0.02643 0.04859 0.01108 0.02643 0.09122 0.06479 0.01535 0.07758 0.07758 0.06479 0.02472 0.03069 0.05286 0.03581 0.05371 0.02046 0.03922 0.09548
Bathycoccus_prasinos_1         0.07578 0.05601 0.05272 0.05766 0.00824 0.03625 0.06919 0.07084 0.01318 0.08402 0.10378 0.04778 0.02142 0.04283 0.03954 0.05601 0.05931 0.00165 0.02471 0.07907
Bathycoccus_prasinos_2         0.09442 0.04399 0.03433 0.05579 0.01824 0.04399 0.06760 0.06652 0.01180 0.06760 0.08476 0.05901 0.03219 0.03433 0.04292 0.06330 0.06438 0.00322 0.02468 0.08691
Bathycoccus_prasinos_chloro_1  0.07074 0.03160 0.02639 0.06031 0.00812 0.03943 0.08118 0.07335 0.02639 0.06292 0.08118 0.06031 0.03160 0.03160 0.04204 0.06031 0.05248 0.00290 0.02639 0.13076
Bathycoccus_prasinos_chloro_2  0.08800 0.05244 0.03200 0.06667 0.01067 0.02756 0.06133 0.07644 0.01422 0.05511 0.10578 0.05600 0.03022 0.03378 0.05244 0.04889 0.06044 0.01689 0.02578 0.08533
Bathycoccus_prasinos_mito_1    0.09584 0.04514 0.02824 0.06204 0.01135 0.03247 0.07471 0.08316 0.03247 0.05782 0.08316 0.05782 0.03669 0.04514 0.03247 0.03247 0.06204 0.00290 0.01980 0.10428
Bathycoccus_prasinos_mito_2    0.08101 0.05131 0.03150 0.07651 0.01440 0.02520 0.06481 0.06841 0.02070 0.07561 0.07831 0.05491 0.03690 0.04140 0.04680 0.04680 0.06121 0.01980 0.02250 0.08191
Batrachochytrium_dendrobatidis_1 0.08643 0.04925 0.04121 0.05628 0.01206 0.03015 0.05327 0.07136 0.02111 0.08040 0.09447 0.06432 0.02412 0.04221 0.04221 0.05528 0.05930 0.00402 0.02111 0.09146
Batrachochytrium_dendrobatidis_2 0.07841 0.04511 0.02793 0.05908 0.01611 0.03652 0.05908 0.07411 0.01289 0.08056 0.08808 0.06337 0.02900 0.03115 0.04082 0.07197 0.06552 0.00430 0.02363 0.09237
Batrachochytrium_dendrobatidis_mito_1 0.09716 0.06360 0.03357 0.05654 0.00708 0.05124 0.05830 0.09363 0.01768 0.07067 0.08833 0.05477 0.02827 0.03181 0.03357 0.04770 0.05124 0.00178 0.02474 0.08833
Batrachochytrium_dendrobatidis_mito_2 0.08588 0.05311 0.03729 0.06441 0.01243 0.03729 0.05876 0.07232 0.02034 0.07571 0.08927 0.04972 0.03390 0.04068 0.05085 0.03503 0.06102 0.02034 0.02712 0.07458
Bodo_saltans_1                 0.09091 0.04283 0.03671 0.05944 0.01923 0.04108 0.05332 0.06818 0.02360 0.06119 0.07692 0.06294 0.03497 0.04983 0.03759 0.05769 0.05682 0.01311 0.02797 0.08566
Bodo_saltans_2                 0.09120 0.05150 0.02897 0.04828 0.01502 0.04292 0.06760 0.07189 0.01288 0.07403 0.08584 0.05579 0.02682 0.03004 0.04185 0.06652 0.05579 0.00429 0.02361 0.10515
Bodo_saltans_mito_2            0.07222 0.06000 0.02778 0.06556 0.01889 0.04000 0.05778 0.06556 0.02111 0.06222 0.10333 0.04000 0.03000 0.03778 0.05111 0.04333 0.06111 0.01889 0.02667 0.09667
Caldiarchaeum_subterraneum_1   0.09340 0.05990 0.02335 0.05990 0.00000 0.03858 0.06396 0.07919 0.01726 0.07513 0.10355 0.05381 0.02538 0.03655 0.04772 0.05279 0.04873 0.00508 0.02538 0.09036
Caldiarchaeum_subterraneum_2   0.07370 0.06746 0.02873 0.05059 0.00812 0.02061 0.07495 0.06621 0.01686 0.07308 0.09744 0.05559 0.02498 0.03373 0.05621 0.05434 0.06496 0.01374 0.03810 0.08057
Caldisericum_exile_1           0.06688 0.04854 0.04099 0.05286 0.00647 0.02481 0.07875 0.06580 0.02050 0.08846 0.07875 0.07228 0.02589 0.05825 0.03991 0.04207 0.05825 0.01294 0.03776 0.07983
Caldisericum_exile_2           0.05970 0.04565 0.03424 0.07287 0.00615 0.02283 0.06936 0.06409 0.01844 0.08604 0.10272 0.07463 0.02371 0.04917 0.04126 0.04478 0.05531 0.01493 0.03951 0.07463
Caldithrix_abyssi_1            0.09004 0.05184 0.03138 0.05048 0.00341 0.03683 0.07708 0.07640 0.02115 0.07367 0.09413 0.06821 0.02797 0.03615 0.04434 0.03138 0.05184 0.01501 0.03547 0.08322
Caldithrix_abyssi_2            0.07825 0.05703 0.02719 0.06565 0.00199 0.03780 0.07692 0.07029 0.02321 0.08488 0.08753 0.05836 0.03117 0.04111 0.04443 0.04244 0.05438 0.01525 0.03050 0.07162
Caldivirga_maquilingensis_1    0.08284 0.07091 0.03181 0.06296 0.00133 0.01856 0.05765 0.06826 0.02121 0.06627 0.10272 0.05302 0.03048 0.04109 0.04374 0.04838 0.05169 0.01392 0.03579 0.09742
Caldivirga_maquilingensis_2    0.07511 0.06480 0.02872 0.05670 0.00368 0.01767 0.07069 0.06554 0.02062 0.09057 0.08984 0.05007 0.02872 0.03461 0.05302 0.05228 0.05523 0.01767 0.03608 0.08837
Campylobacter_jejuni_1         0.09237 0.04819 0.03481 0.05355 0.00134 0.04016 0.06961 0.08969 0.01874 0.07229 0.08701 0.06693 0.03213 0.03213 0.03347 0.05489 0.04953 0.00000 0.03213 0.09103
Campylobacter_jejuni_2         0.07522 0.04434 0.04513 0.06730 0.00871 0.02930 0.07680 0.07047 0.01663 0.06968 0.09264 0.07126 0.03325 0.04513 0.03642 0.04830 0.04751 0.00950 0.03642 0.07601
Cenarchaeum_symbiosum_1        0.08417 0.06250 0.02917 0.06167 0.00500 0.03083 0.06333 0.09167 0.02750 0.08083 0.08417 0.05250 0.02667 0.03917 0.05083 0.04833 0.06250 0.00750 0.02167 0.07000
Cenarchaeum_symbiosum_2        0.07618 0.06466 0.02241 0.06146 0.01024 0.02305 0.06594 0.08067 0.02241 0.06978 0.09219 0.05058 0.03393 0.02945 0.04609 0.06466 0.06338 0.01344 0.03201 0.07746
Chlamydia_trachomatis_1        0.09425 0.05302 0.03240 0.05891 0.00589 0.04124 0.06627 0.08689 0.01620 0.08100 0.08984 0.05449 0.03240 0.02798 0.03976 0.04271 0.05596 0.00147 0.02504 0.09425
Chlamydia_trachomatis_2        0.07478 0.05134 0.04018 0.07366 0.00446 0.03348 0.06362 0.07031 0.02455 0.06920 0.08705 0.05469 0.03683 0.04576 0.04464 0.04576 0.05357 0.02344 0.02455 0.07812
Chlamydomonas_reinhardtii_1    0.08743 0.06273 0.02853 0.05323 0.00763 0.04563 0.06463 0.06843 0.02093 0.08363 0.08933 0.05513 0.02473 0.03993 0.05703 0.05703 0.05893 0.00003 0.02663 0.06843
Chlamydomonas_reinhardtii_2    0.09660 0.06255 0.03277 0.05830 0.02425 0.03277 0.05830 0.04553 0.02425 0.07958 0.06255 0.04553 0.03702 0.00723 0.04553 0.05830 0.08809 0.00298 0.02000 0.11787
Chlamydomonas_reinhardtii_chloro_1 0.08379 0.04465 0.04465 0.06031 0.01334 0.03682 0.06292 0.07074 0.02899 0.06553 0.09162 0.04987 0.02117 0.02378 0.06292 0.02899 0.07074 0.00290 0.02117 0.11510
Chlamydomonas_reinhardtii_chloro_2 0.07170 0.07170 0.04184 0.04980 0.00601 0.02393 0.06970 0.08364 0.01995 0.05577 0.08961 0.03786 0.02791 0.04582 0.05577 0.03587 0.06771 0.03786 0.03587 0.07170
Chlamydomonas_reinhardtii_mito_1 0.12025 0.04056 0.02379 0.06153 0.01540 0.04476 0.06573 0.08670 0.02798 0.07411 0.05734 0.06153 0.02798 0.03637 0.03218 0.02798 0.06153 0.00282 0.01959 0.11186
Chlamydomonas_reinhardtii_mito_2 0.08245 0.05603 0.03277 0.06977 0.01268 0.03277 0.06131 0.06765 0.01797 0.06342 0.08457 0.04440 0.02748 0.04017 0.05920 0.05074 0.06237 0.01797 0.02114 0.09514
Chlorobium_phaeovibrioides_1   0.09569 0.05332 0.03213 0.05195 0.00342 0.03281 0.07177 0.08271 0.02051 0.06904 0.10116 0.05810 0.02939 0.03691 0.04170 0.04511 0.05673 0.01230 0.02734 0.07792
Chlorobium_phaeovibrioides_2   0.09562 0.06042 0.02656 0.07835 0.00531 0.02789 0.05976 0.07703 0.01527 0.06972 0.09363 0.05179 0.03121 0.03453 0.04582 0.05113 0.05378 0.01328 0.02789 0.08101
Chloroflexus_1                 0.10080 0.07029 0.02918 0.05836 0.00796 0.05305 0.06233 0.08621 0.01326 0.08753 0.08621 0.03846 0.02122 0.02387 0.04244 0.03714 0.05438 0.00398 0.02918 0.09416
Chloroflexus_2                 0.08057 0.07188 0.02449 0.06635 0.00474 0.03791 0.07267 0.07267 0.01896 0.07188 0.08057 0.03712 0.02923 0.04265 0.05608 0.03870 0.05845 0.01659 0.03081 0.08768
Chlorogloeopsis_fritschii_1    0.10573 0.04638 0.03342 0.05866 0.00614 0.04707 0.06344 0.07708 0.01501 0.07435 0.10027 0.05662 0.02456 0.03138 0.03956 0.03956 0.05935 0.01160 0.03001 0.07981
Chlorogloeopsis_fritschii_2    0.07886 0.05964 0.02916 0.06494 0.00530 0.04109 0.07091 0.07687 0.01524 0.06826 0.09940 0.04970 0.02717 0.03115 0.04904 0.04440 0.06229 0.01193 0.02982 0.08482
Chondrus_crispus_1             0.09004 0.06191 0.03190 0.05066 0.00565 0.04316 0.06191 0.07128 0.02628 0.07503 0.08629 0.04691 0.02440 0.04316 0.06566 0.05816 0.06191 0.00002 0.02815 0.06753
Chondrus_crispus_2             0.09327 0.04723 0.02952 0.05431 0.01653 0.03306 0.05785 0.06730 0.01653 0.07202 0.07910 0.05313 0.04250 0.03070 0.04841 0.07320 0.06494 0.00708 0.02125 0.09209
Chondrus_crispus_chloro_1      0.09161 0.04092 0.03247 0.06204 0.00712 0.03669 0.07471 0.08739 0.02824 0.09584 0.07049 0.04937 0.03247 0.03247 0.02402 0.03247 0.07049 0.00290 0.02402 0.10428
Chondrus_crispus_chloro_2      0.07512 0.05419 0.02709 0.06034 0.00616 0.03571 0.06650 0.07759 0.01724 0.07389 0.09852 0.04926 0.02833 0.03571 0.05542 0.04803 0.06034 0.02217 0.03079 0.07759
Chondrus_crispus_mito_2        0.09042 0.05967 0.03255 0.07233 0.00995 0.02622 0.06239 0.07505 0.02080 0.06691 0.09313 0.04069 0.02893 0.03888 0.04611 0.04792 0.06058 0.01627 0.02351 0.08770
Chthonomonas_calidirosea_2     0.09338 0.06954 0.02384 0.06291 0.00993 0.03841 0.07152 0.06954 0.01854 0.07417 0.09934 0.03907 0.02715 0.03841 0.05166 0.03179 0.06291 0.01523 0.02517 0.07748
Cloacimonas_acidaminovorans_1  0.09615 0.03686 0.03366 0.06090 0.00802 0.03205 0.06731 0.07692 0.02084 0.08493 0.08814 0.07692 0.03205 0.03846 0.03846 0.02404 0.06570 0.00161 0.02725 0.08974
Cloacimonas_acidaminovorans_2  0.08186 0.05457 0.03210 0.06902 0.00803 0.03210 0.06260 0.07544 0.01605 0.09149 0.09309 0.07383 0.03371 0.04173 0.03210 0.03531 0.06420 0.00161 0.02568 0.07544
Clostridium_acetobutylicum_1   0.08223 0.04509 0.03316 0.05703 0.00796 0.03846 0.07294 0.08886 0.01194 0.08223 0.08488 0.06897 0.03316 0.02785 0.03581 0.05305 0.05172 0.00133 0.03448 0.08886
Clostridium_acetobutylicum_2   0.07504 0.04660 0.04107 0.07030 0.00632 0.03476 0.07583 0.06951 0.01580 0.08057 0.08452 0.06319 0.03712 0.03476 0.04423 0.03949 0.05608 0.01422 0.03397 0.07662
Cyanidioschyzon_merolae_1      0.11589 0.06821 0.02517 0.05828 0.01457 0.04106 0.05099 0.06026 0.02450 0.06225 0.09868 0.04040 0.02384 0.04371 0.05298 0.04901 0.05166 0.01258 0.02715 0.07881
Cyanidioschyzon_merolae_2      0.09007 0.07537 0.02390 0.05699 0.01838 0.03309 0.06158 0.06710 0.01287 0.05790 0.09191 0.04228 0.03585 0.03309 0.04412 0.06618 0.06158 0.00643 0.02114 0.10018
Cyanidioschyzon_merolae_chloro_1 0.11073 0.05201 0.03188 0.05705 0.00336 0.04866 0.05537 0.09395 0.01678 0.07550 0.08724 0.04698 0.02853 0.02349 0.03020 0.05201 0.05872 0.00169 0.02517 0.10066
Cyanidioschyzon_merolae_chloro_2 0.09253 0.06940 0.02135 0.05694 0.00623 0.04181 0.06495 0.07384 0.01690 0.07206 0.11210 0.04004 0.02580 0.04004 0.04626 0.04181 0.05605 0.01423 0.02402 0.08363
Cyanidioschyzon_merolae_mito_1 0.11455 0.07736 0.02689 0.06142 0.00564 0.05877 0.04814 0.09861 0.01095 0.07205 0.09330 0.04548 0.02158 0.02689 0.03751 0.05345 0.03751 0.00032 0.02423 0.08533
Cyanidioschyzon_merolae_mito_2 0.09468 0.07665 0.02344 0.06312 0.01443 0.03517 0.07033 0.06673 0.02525 0.06492 0.09648 0.02976 0.02795 0.03607 0.04509 0.03787 0.06132 0.01713 0.02615 0.08747
Cyanobium_gracile_1            0.12253 0.06807 0.02178 0.05922 0.00749 0.04289 0.06195 0.07828 0.01770 0.05514 0.11368 0.04016 0.02383 0.02791 0.04016 0.03744 0.05582 0.01361 0.02314 0.08918
Cyanobium_gracile_2            0.10537 0.06759 0.01856 0.06494 0.00530 0.03446 0.06958 0.08217 0.01856 0.05500 0.11199 0.04175 0.02584 0.03446 0.05103 0.04573 0.05699 0.01259 0.01590 0.08217
Cyanophora_paradoxa_1          0.09768 0.05998 0.04224 0.06220 0.01784 0.02228 0.06220 0.06885 0.01784 0.04889 0.10656 0.04889 0.02671 0.05554 0.04667 0.04002 0.05776 0.02228 0.03780 0.05776
Cyanophora_paradoxa_2          0.10195 0.04179 0.03022 0.05798 0.02559 0.03253 0.06724 0.06724 0.01633 0.05798 0.08344 0.07187 0.03253 0.03253 0.03253 0.04873 0.06724 0.00245 0.01865 0.11121
Cylindrospermopsis_raciborskii_1 0.09877 0.04700 0.03474 0.05926 0.00545 0.05245 0.06063 0.08038 0.01431 0.07561 0.09673 0.05518 0.02589 0.03065 0.03815 0.04360 0.05654 0.01158 0.02861 0.08447
Cylindrospermopsis_raciborskii_2 0.08024 0.05637 0.03515 0.06631 0.00531 0.04576 0.06300 0.07493 0.01724 0.06698 0.10146 0.04973 0.02719 0.03183 0.04642 0.04642 0.06366 0.01260 0.02653 0.08289
Desulfurispirillum_indicum_2   0.08619 0.06332 0.02287 0.06684 0.00967 0.03606 0.06772 0.06860 0.02199 0.08004 0.08179 0.05189 0.03342 0.04661 0.03870 0.04573 0.05453 0.01495 0.02990 0.07916
Dictyoglomus_turgidum_1        0.08090 0.05703 0.03316 0.05172 0.00398 0.03316 0.07825 0.08886 0.01989 0.08753 0.10212 0.05836 0.02520 0.03448 0.04377 0.03050 0.05172 0.00398 0.03183 0.08355
Dictyoglomus_turgidum_2        0.06157 0.05717 0.02463 0.05717 0.00967 0.02990 0.08091 0.06684 0.01583 0.07828 0.10202 0.06332 0.03254 0.03782 0.05101 0.04837 0.04749 0.02199 0.03958 0.07388
Dictyostelium_discoideum_1     0.07560 0.05172 0.03581 0.05570 0.01194 0.03581 0.05570 0.07294 0.02653 0.09284 0.07825 0.06101 0.03050 0.03979 0.05438 0.06366 0.05836 0.00265 0.02387 0.07294
Dictyostelium_discoideum_2     0.07674 0.04959 0.04132 0.04723 0.02125 0.03660 0.05903 0.06730 0.01771 0.08619 0.07910 0.05077 0.04604 0.03306 0.05313 0.06612 0.05903 0.00708 0.01889 0.08383
Dictyostelium_discoideum_mito_1 0.07577 0.03412 0.03673 0.04193 0.01070 0.03673 0.07316 0.06536 0.02371 0.10179 0.09138 0.06796 0.02631 0.04193 0.03933 0.07316 0.06015 0.00289 0.02111 0.07577
Dictyostelium_discoideum_mito_2 0.07623 0.04933 0.02578 0.07063 0.01682 0.03475 0.05381 0.07063 0.02130 0.07848 0.08520 0.05493 0.03363 0.03700 0.04933 0.04709 0.06278 0.01682 0.03363 0.08184
Ectocarpus_siliculosus_1       0.09141 0.05143 0.03429 0.05714 0.01145 0.04191 0.06285 0.06666 0.02478 0.07046 0.09712 0.05333 0.02858 0.03620 0.05714 0.06285 0.05714 0.00193 0.02668 0.06666
Ectocarpus_siliculosus_2       0.07514 0.05491 0.02601 0.05636 0.02023 0.03757 0.06792 0.07659 0.01301 0.06503 0.08526 0.03902 0.02746 0.02746 0.04913 0.07370 0.06936 0.00578 0.02457 0.10549
Ectocarpus_siliculosus_chloro_1 0.08640 0.03943 0.03421 0.07074 0.00551 0.03682 0.06031 0.07596 0.02639 0.07074 0.09945 0.06292 0.02899 0.03682 0.03682 0.03943 0.06553 0.00551 0.02117 0.09684
Ectocarpus_siliculosus_mito_2  0.09459 0.05766 0.02793 0.06757 0.01441 0.02432 0.06486 0.07477 0.02072 0.05946 0.08919 0.04595 0.03243 0.03784 0.04685 0.04144 0.06937 0.01532 0.02793 0.08739
Elphidium_margaritaceum_1      0.08611 0.05508 0.03879 0.05741 0.01552 0.04577 0.05818 0.06051 0.02095 0.06206 0.09232 0.06362 0.03181 0.04344 0.04344 0.05353 0.05431 0.01009 0.03879 0.06827
Elphidium_margaritaceum_2      0.08779 0.05139 0.03319 0.05246 0.01820 0.03533 0.06210 0.07281 0.01392 0.07709 0.09850 0.05567 0.02463 0.03319 0.03747 0.06210 0.06852 0.00321 0.02248 0.08994
Elphidium_margaritaceum_mito_2 0.06383 0.05711 0.02576 0.06495 0.02688 0.04143 0.05823 0.07279 0.02016 0.06831 0.08399 0.04591 0.03919 0.04255 0.04143 0.05599 0.05487 0.02240 0.03359 0.08063
Elusimicrobium_minutum_1       0.07323 0.04394 0.04068 0.05533 0.00814 0.03743 0.05777 0.07974 0.01953 0.06835 0.09032 0.07648 0.03011 0.03662 0.04719 0.05045 0.05289 0.01302 0.03336 0.08544
Elusimicrobium_minutum_2       0.08531 0.04897 0.03318 0.06635 0.00948 0.03633 0.07188 0.06872 0.01738 0.08215 0.09084 0.06635 0.02133 0.03633 0.04344 0.04265 0.05529 0.01422 0.02765 0.08215
Fibrobacter_succinogenes_1     0.09249 0.05037 0.04304 0.06044 0.01557 0.02930 0.06227 0.06868 0.02747 0.06136 0.08333 0.06777 0.03388 0.03846 0.04121 0.02839 0.05311 0.01923 0.03755 0.08608
Fibrobacter_succinogenes_2     0.07450 0.05609 0.03856 0.06748 0.00876 0.03418 0.05960 0.06924 0.02717 0.06924 0.08677 0.06223 0.03593 0.04294 0.04207 0.04294 0.05521 0.01578 0.02454 0.08677
Galdieria_sulphuraria_1        0.08824 0.05430 0.03281 0.06335 0.01471 0.04186 0.04638 0.07014 0.02036 0.07466 0.09955 0.05995 0.02602 0.04299 0.04638 0.04977 0.05317 0.00339 0.02262 0.08937
Galdieria_sulphuraria_2        0.08264 0.05051 0.03030 0.05601 0.01837 0.04040 0.06244 0.06795 0.01286 0.06428 0.09183 0.06244 0.03673 0.03214 0.04867 0.06703 0.05326 0.00551 0.02479 0.09183
Galdieria_sulphuraria_chloro_1 0.10234 0.04530 0.04195 0.05369 0.00336 0.05201 0.07047 0.09228 0.01175 0.09563 0.08724 0.05034 0.02349 0.02517 0.03188 0.05201 0.05369 0.00001 0.02685 0.08053
Galdieria_sulphuraria_chloro_2 0.07232 0.05989 0.03164 0.05650 0.01017 0.03955 0.06667 0.06780 0.01921 0.08701 0.10395 0.04068 0.02486 0.03842 0.04746 0.04972 0.05537 0.02260 0.03842 0.06780
Galdieria_sulphuraria_mito_1   0.10183 0.06511 0.02671 0.05843 0.00835 0.04007 0.06010 0.09849 0.01503 0.05676 0.08514 0.05509 0.02838 0.03506 0.03339 0.05175 0.04341 0.00168 0.02505 0.11017
Galdieria_sulphuraria_mito_2   0.08303 0.06769 0.02888 0.06769 0.01083 0.03610 0.06679 0.06949 0.02347 0.07310 0.09206 0.04603 0.02347 0.04061 0.04513 0.04061 0.05686 0.01625 0.02888 0.08303
Gemmatimonas_aurantiaca_2      0.10066 0.06755 0.02583 0.07285 0.00596 0.03179 0.06225 0.07947 0.02053 0.06093 0.09007 0.03974 0.02649 0.03907 0.04636 0.04040 0.05828 0.01722 0.02185 0.09272
Gloeobacter_violaceus_1        0.10505 0.06617 0.02729 0.05457 0.00614 0.03820 0.06753 0.07640 0.01364 0.06889 0.10846 0.05116 0.02046 0.03411 0.04025 0.04093 0.05184 0.01091 0.03206 0.08595
Gloeobacter_violaceus_2        0.08952 0.06764 0.02653 0.07162 0.00332 0.04045 0.06300 0.07361 0.01525 0.05703 0.11406 0.04509 0.02520 0.03647 0.05106 0.03912 0.05836 0.01393 0.02255 0.08621
Haloarcula_marismortui_1       0.08739 0.04514 0.03669 0.07894 0.01557 0.04092 0.06626 0.08316 0.04092 0.06626 0.07894 0.03669 0.02402 0.03669 0.04092 0.03247 0.06204 0.00290 0.00712 0.11696
Haloarcula_marismortui_2       0.08686 0.05568 0.02450 0.09020 0.01225 0.03563 0.09465 0.05234 0.02339 0.06125 0.08797 0.02561 0.02339 0.03675 0.04900 0.05011 0.06236 0.02004 0.02561 0.08241
Heimdallarchaeota_archaeon_AB_125_1 0.07799 0.04230 0.03966 0.06808 0.00793 0.03503 0.05552 0.06477 0.02115 0.08394 0.09914 0.07072 0.02049 0.05023 0.04362 0.04957 0.05486 0.00859 0.03173 0.07469
Heimdallarchaeota_archaeon_AB_125_2 0.07308 0.04997 0.03248 0.06121 0.00937 0.03248 0.06933 0.07121 0.01874 0.09057 0.09182 0.06871 0.02623 0.04060 0.04622 0.05621 0.05434 0.00999 0.02811 0.06933
Heimdallarchaeota_archaeon_LC_2_1 0.07656 0.05703 0.04141 0.06016 0.00625 0.03672 0.06484 0.07500 0.02266 0.07734 0.08906 0.06328 0.02734 0.05625 0.04844 0.04844 0.05312 0.01094 0.02578 0.05937
Heimdallarchaeota_archaeon_LC_2_2 0.07702 0.04224 0.03230 0.06087 0.00621 0.03851 0.06708 0.08571 0.01242 0.09441 0.09068 0.07578 0.03478 0.03478 0.04099 0.04969 0.05466 0.00745 0.02360 0.07081
Heimdallarchaeota_archaeon_LC_3_1 0.07247 0.04854 0.04056 0.05785 0.00532 0.03391 0.06051 0.06981 0.01995 0.09574 0.08444 0.07846 0.01396 0.05053 0.04255 0.05452 0.05253 0.00997 0.03258 0.07580
Heimdallarchaeota_archaeon_LC_3_2 0.06604 0.04673 0.03364 0.05981 0.00561 0.02866 0.07227 0.06417 0.01931 0.09907 0.09470 0.06854 0.02928 0.04174 0.04486 0.06355 0.05919 0.01121 0.02866 0.06293
Homo_sapiens_1                 0.08667 0.04800 0.03600 0.05600 0.01333 0.03867 0.05200 0.07467 0.02533 0.08267 0.08533 0.05600 0.02667 0.04000 0.05200 0.05600 0.05867 0.00400 0.02400 0.08400
Homo_sapiens_2                 0.07692 0.05515 0.02613 0.05225 0.01306 0.03048 0.06241 0.07257 0.01306 0.07692 0.08853 0.04644 0.04064 0.02177 0.05080 0.08273 0.06386 0.00581 0.02613 0.09434
Homo_sapiens_mito_1            0.09865 0.06522 0.03345 0.06187 0.01004 0.03512 0.05518 0.09364 0.01840 0.06689 0.10869 0.04682 0.02509 0.02509 0.03512 0.04348 0.05853 0.00168 0.02843 0.08862
Homo_sapiens_mito_2            0.08046 0.06207 0.02299 0.06092 0.01379 0.03448 0.05862 0.07356 0.02184 0.06322 0.10690 0.04023 0.02759 0.03793 0.05402 0.04828 0.05747 0.01954 0.02874 0.08736
Hydra_vulgaris_1               0.08174 0.04743 0.04339 0.05651 0.01715 0.03734 0.05045 0.06963 0.02220 0.08779 0.09384 0.06660 0.02926 0.03835 0.04440 0.05954 0.05449 0.00404 0.01615 0.07972
Hydra_vulgaris_2               0.08262 0.04721 0.03112 0.05472 0.02039 0.03648 0.06009 0.06867 0.01395 0.07833 0.08906 0.06009 0.02897 0.02790 0.04506 0.07403 0.06330 0.00536 0.02361 0.08906
Hydra_vulgaris_mito_1          0.10200 0.05686 0.03178 0.05686 0.01004 0.03846 0.05518 0.09865 0.01840 0.06856 0.09531 0.05518 0.03010 0.02342 0.03679 0.05017 0.05184 0.00001 0.02843 0.09197
Hydra_vulgaris_mito_2          0.07797 0.05311 0.04068 0.06554 0.01582 0.02599 0.05876 0.06667 0.02260 0.07458 0.09153 0.05537 0.03051 0.03955 0.04633 0.04859 0.05537 0.01921 0.03277 0.07910
Hyperthermus_butylicus_1       0.09085 0.07095 0.02188 0.05305 0.00199 0.02653 0.07228 0.06698 0.02056 0.07294 0.09416 0.06034 0.02785 0.04708 0.04708 0.04310 0.05239 0.01194 0.02719 0.09085
Hyperthermus_butylicus_2       0.07985 0.07361 0.02121 0.05240 0.00312 0.02183 0.08297 0.07174 0.01747 0.07985 0.10168 0.06051 0.02121 0.03057 0.04741 0.03930 0.05552 0.01809 0.03805 0.08359
Ignicoccus_hospitalis_1        0.09073 0.05298 0.02980 0.05430 0.00199 0.02185 0.07351 0.06358 0.02053 0.06887 0.08940 0.07550 0.03179 0.04305 0.04702 0.04172 0.05166 0.01457 0.03113 0.09603
Ignicoccus_hospitalis_2        0.08292 0.05798 0.02244 0.05362 0.00499 0.01808 0.07855 0.06297 0.02120 0.06983 0.09476 0.07668 0.02743 0.03117 0.05112 0.04426 0.05486 0.02182 0.03242 0.09289
Jidaibacter_acanthamoeba_1     0.09426 0.04197 0.03535 0.06406 0.01178 0.03829 0.05891 0.06480 0.01841 0.07437 0.10015 0.08027 0.02577 0.03756 0.03461 0.05081 0.05155 0.01031 0.03166 0.07511
Jidaibacter_acanthamoeba_2     0.09447 0.04422 0.03317 0.06834 0.00503 0.03719 0.06935 0.07538 0.01508 0.08442 0.09849 0.06533 0.02714 0.03216 0.03719 0.05427 0.06131 0.00402 0.01809 0.07538
Jonquetella_anthropi_1         0.09788 0.05886 0.02806 0.06023 0.01300 0.03354 0.05955 0.08624 0.01916 0.05544 0.09856 0.04791 0.03217 0.03422 0.04312 0.04928 0.05407 0.01711 0.02875 0.08282
Jonquetella_anthropi_2         0.09169 0.07243 0.02458 0.06645 0.00864 0.03256 0.06379 0.07508 0.01661 0.05515 0.10365 0.04385 0.03056 0.03920 0.04585 0.04651 0.05781 0.01860 0.02458 0.08239
Korarchaeum_cryptofilum_1      0.07713 0.06516 0.02261 0.06117 0.00399 0.03192 0.07181 0.07979 0.02394 0.08644 0.08777 0.05585 0.01995 0.04255 0.05718 0.04654 0.05186 0.00532 0.02394 0.08511
Korarchaeum_cryptofilum_2      0.07533 0.07164 0.02733 0.05318 0.00517 0.02216 0.08050 0.06795 0.02437 0.07829 0.09601 0.03988 0.02659 0.03619 0.05613 0.05465 0.04948 0.01773 0.03619 0.08124
Kosmotoga_olearia_1            0.08866 0.04536 0.03230 0.05773 0.00619 0.02680 0.07904 0.07835 0.02062 0.08247 0.09278 0.07491 0.02474 0.03093 0.04192 0.03711 0.05155 0.01237 0.03643 0.07973
Kosmotoga_olearia_2            0.07498 0.05707 0.02787 0.06967 0.00464 0.03052 0.07697 0.06636 0.01526 0.08560 0.08494 0.06370 0.03052 0.04247 0.04579 0.04380 0.05242 0.01393 0.02721 0.08626
Latescibacteria_bacterium_1    0.09881 0.06679 0.02379 0.04849 0.01098 0.03660 0.06679 0.08417 0.02196 0.05764 0.10064 0.04758 0.02562 0.03385 0.03934 0.04483 0.05398 0.01372 0.03294 0.09149
Latescibacteria_bacterium_2    0.08139 0.06608 0.02417 0.06285 0.00645 0.03143 0.07816 0.07252 0.01934 0.06527 0.10234 0.04593 0.02579 0.03707 0.04432 0.04915 0.06446 0.01289 0.02256 0.08783
Leishmania_major_1             0.09600 0.04160 0.02720 0.07040 0.01760 0.04160 0.04320 0.07680 0.02720 0.06560 0.08320 0.07360 0.03200 0.03520 0.03840 0.05120 0.05280 0.00800 0.01280 0.10559
Leishmania_major_2             0.08624 0.05505 0.03486 0.05596 0.02110 0.04587 0.06239 0.06789 0.01376 0.06881 0.08349 0.05321 0.03578 0.03303 0.03761 0.06422 0.05046 0.00550 0.02385 0.10092
Leishmania_major_mito_2        0.08090 0.05843 0.02697 0.07191 0.01573 0.03258 0.05730 0.06292 0.02584 0.05843 0.10000 0.04719 0.03258 0.03933 0.04831 0.04494 0.05618 0.01798 0.02697 0.09551
Lentisphaera_araneosa_1        0.09713 0.04651 0.03488 0.06019 0.00752 0.03625 0.05814 0.07456 0.02052 0.07661 0.08345 0.06635 0.02873 0.03830 0.04378 0.04446 0.06772 0.01163 0.03352 0.06977
Lentisphaera_araneosa_2        0.08833 0.03834 0.03834 0.07333 0.01167 0.04000 0.06000 0.07333 0.01834 0.07166 0.08166 0.06000 0.03834 0.04333 0.02667 0.06333 0.06333 0.00667 0.02167 0.08166
Leptolyngbya_valderiana_1      0.10542 0.04518 0.03012 0.06124 0.00703 0.04418 0.07129 0.08434 0.01104 0.07631 0.10442 0.05723 0.02410 0.02610 0.03514 0.04418 0.06024 0.00402 0.02209 0.08635
Limulus_polyphemus_1           0.09645 0.04539 0.04397 0.05816 0.01986 0.03688 0.05674 0.07518 0.02411 0.07518 0.09078 0.06099 0.02553 0.03972 0.03404 0.03830 0.05816 0.00567 0.01277 0.10213
Limulus_polyphemus_2           0.07411 0.04404 0.03008 0.05156 0.01933 0.03759 0.06552 0.07089 0.01396 0.07734 0.08593 0.06337 0.03222 0.03115 0.04296 0.07304 0.06122 0.00644 0.02256 0.09667
Limulus_polyphemus_mito_1      0.10293 0.06878 0.03179 0.05740 0.00617 0.04602 0.04032 0.10293 0.00617 0.07732 0.09440 0.05171 0.02609 0.02325 0.04317 0.05171 0.04886 0.00048 0.03463 0.08586
Limulus_polyphemus_mito_2      0.06920 0.05421 0.02999 0.06805 0.01153 0.02653 0.06228 0.07151 0.02768 0.07612 0.08997 0.05190 0.02884 0.04268 0.04844 0.04498 0.05882 0.01845 0.02768 0.09112
Lokiarchaeum_sp._GC14_75_1     0.07012 0.04116 0.04268 0.05945 0.00762 0.04726 0.05945 0.06402 0.02592 0.10366 0.08689 0.08384 0.01982 0.04421 0.03963 0.05793 0.05488 0.00458 0.02439 0.06250
Lokiarchaeum_sp._GC14_75_2     0.05780 0.04046 0.03468 0.06214 0.00867 0.03179 0.07659 0.07081 0.02168 0.10694 0.11272 0.06069 0.01445 0.04335 0.04913 0.06792 0.05491 0.00867 0.02457 0.05202
Melainabacteria_bacterium_1    0.09404 0.04376 0.04097 0.06611 0.00745 0.03445 0.05587 0.07728 0.01676 0.07263 0.08473 0.07542 0.02514 0.03445 0.03818 0.04004 0.06611 0.01304 0.03166 0.08194
Melainabacteria_bacterium_2    0.06381 0.05214 0.03813 0.07082 0.00934 0.03502 0.06848 0.06926 0.01712 0.08249 0.09961 0.06381 0.03191 0.03346 0.04358 0.04280 0.06304 0.01323 0.03113 0.07082
Methanocaldococcus_jannaschii_1 0.08289 0.05882 0.02540 0.05882 0.00668 0.03209 0.07353 0.08155 0.02139 0.08021 0.08155 0.06952 0.03209 0.03476 0.05080 0.03476 0.06283 0.00134 0.02273 0.08824
Methanocaldococcus_jannaschii_2 0.07493 0.05638 0.02819 0.06306 0.01261 0.02596 0.08383 0.06306 0.01706 0.09644 0.07864 0.07047 0.02671 0.03635 0.04896 0.03487 0.05045 0.01632 0.02893 0.08680
Methanomassiliicoccus_luminyensis_1 0.09720 0.05526 0.02796 0.06458 0.00799 0.03529 0.05593 0.07457 0.02064 0.07390 0.08256 0.06325 0.03262 0.04128 0.04794 0.04527 0.05526 0.01265 0.02863 0.07723
Methanomassiliicoccus_luminyensis_2 0.08318 0.05441 0.02439 0.06066 0.01063 0.03315 0.06379 0.07004 0.02001 0.06817 0.09318 0.06316 0.03189 0.03252 0.04565 0.05003 0.05691 0.01626 0.03127 0.09068
Methanopyrus_kandleri_1        0.09031 0.06441 0.02058 0.06441 0.00863 0.02324 0.10359 0.07371 0.02523 0.05777 0.09894 0.04183 0.02258 0.04183 0.04980 0.03054 0.05378 0.01195 0.02457 0.09230
Methanopyrus_kandleri_2        0.08328 0.06888 0.01691 0.06825 0.01002 0.02317 0.10645 0.06700 0.01816 0.06512 0.09017 0.05135 0.02818 0.02693 0.04759 0.02818 0.05009 0.01503 0.02818 0.10708
Methanosarcina_mazei_1         0.08577 0.05186 0.03324 0.05984 0.00931 0.03324 0.06184 0.07646 0.02593 0.06981 0.08910 0.06051 0.03125 0.04388 0.04920 0.05120 0.04987 0.01130 0.02726 0.07912
Methanosarcina_mazei_2         0.08349 0.05163 0.02613 0.06055 0.01020 0.03633 0.07712 0.07011 0.02040 0.07075 0.08668 0.05736 0.03569 0.03378 0.04270 0.04971 0.05991 0.01530 0.02549 0.08668
Methanothermobacter_thermautotrophicus_1 0.08976 0.06915 0.02394 0.06782 0.00798 0.02593 0.08178 0.07447 0.02327 0.07580 0.08245 0.04721 0.03923 0.04654 0.04455 0.03524 0.04987 0.01330 0.02128 0.08045
Methanothermobacter_thermautotrophicus_2 0.07962 0.06395 0.02445 0.06082 0.01129 0.03135 0.08527 0.07335 0.01442 0.08150 0.08589 0.05455 0.02947 0.03197 0.04765 0.04201 0.05455 0.01505 0.02571 0.08715
Nitrosoarchaeum_limnia_1       0.08283 0.04242 0.03838 0.06162 0.00404 0.03333 0.06061 0.07778 0.02020 0.08485 0.09192 0.07273 0.02525 0.04343 0.04040 0.06162 0.06061 0.00202 0.02020 0.07576
Nitrosoarchaeum_limnia_2       0.06312 0.04875 0.03813 0.05312 0.00875 0.03000 0.07250 0.06750 0.02000 0.08937 0.08812 0.06875 0.03000 0.03250 0.04250 0.06062 0.06562 0.01313 0.03313 0.07437
Nitrosopumilus_maritimus_1     0.08289 0.04679 0.03743 0.05749 0.00267 0.03342 0.07086 0.08155 0.02273 0.08289 0.08556 0.06952 0.03075 0.03877 0.04679 0.04545 0.06016 0.00267 0.02139 0.08021
Nitrosopumilus_maritimus_2     0.06702 0.05115 0.03086 0.05467 0.00794 0.02116 0.07231 0.06261 0.02205 0.07848 0.08995 0.06790 0.03175 0.03616 0.04762 0.06526 0.06702 0.01940 0.04056 0.06614
Odinarchaeota_archaeon_LCB_4_1 0.08117 0.04990 0.03327 0.06188 0.00865 0.02661 0.06387 0.06587 0.02063 0.08583 0.09182 0.07917 0.02129 0.04458 0.04724 0.04391 0.05323 0.01331 0.03194 0.07585
Odinarchaeota_archaeon_LCB_4_2 0.07170 0.05112 0.03491 0.04676 0.01122 0.02993 0.07544 0.06421 0.01372 0.10037 0.10536 0.07170 0.01995 0.03429 0.04613 0.05549 0.06546 0.01372 0.02930 0.05923
Oryza_sativa_1                 0.08043 0.05522 0.03962 0.05762 0.00960 0.03601 0.06603 0.07083 0.01681 0.07563 0.10444 0.05762 0.02641 0.02881 0.04202 0.05402 0.06122 0.00120 0.02281 0.09364
Oryza_sativa_2                 0.09458 0.05051 0.02938 0.05969 0.01928 0.04316 0.05142 0.06703 0.01561 0.07071 0.08540 0.06244 0.03949 0.03489 0.04040 0.06428 0.05510 0.00459 0.02296 0.08907
Oryza_sativa_chloro_1          0.10905 0.05705 0.02517 0.05705 0.00336 0.04866 0.05872 0.09228 0.01343 0.08221 0.08724 0.04530 0.03020 0.02685 0.03188 0.05705 0.06040 0.00001 0.02853 0.08556
Oryza_sativa_chloro_2          0.09819 0.05565 0.02946 0.05565 0.00492 0.03437 0.06710 0.08674 0.00492 0.06546 0.10965 0.05401 0.03437 0.02619 0.04583 0.05074 0.05892 0.00164 0.02455 0.09165
Oryza_sativa_mito_1            0.09161 0.04092 0.02402 0.06626 0.01135 0.02824 0.07049 0.09584 0.03247 0.04937 0.08739 0.05359 0.02402 0.04092 0.03669 0.04514 0.05782 0.00290 0.02402 0.11696
Oryza_sativa_mito_2            0.08228 0.05787 0.03526 0.06691 0.01085 0.02622 0.06148 0.06962 0.01989 0.08137 0.09042 0.04611 0.02441 0.03526 0.05063 0.04702 0.06148 0.02080 0.02712 0.08499
Oscillochloris_trichoides_1    0.10355 0.06657 0.03107 0.05843 0.00370 0.04068 0.06287 0.07766 0.01553 0.07544 0.09024 0.04512 0.02367 0.02959 0.04364 0.04142 0.05325 0.01553 0.03402 0.08802
Oscillochloris_trichoides_2    0.08096 0.06304 0.02455 0.06569 0.00531 0.04380 0.06702 0.07299 0.01858 0.06901 0.09290 0.04313 0.02853 0.03782 0.05176 0.04048 0.06503 0.01393 0.02654 0.08892
Paramecium_tetraurelia_1       0.07239 0.04558 0.03753 0.05228 0.01475 0.04424 0.06836 0.07105 0.02413 0.08043 0.08579 0.06032 0.03083 0.03753 0.05764 0.05094 0.06032 0.00268 0.03083 0.07239
Paramecium_tetraurelia_2       0.07111 0.04489 0.04226 0.06587 0.02653 0.03964 0.04489 0.06062 0.02653 0.08160 0.07111 0.07111 0.05275 0.02915 0.04489 0.05538 0.04751 0.00555 0.01866 0.09996
Physcomitrella_patens_1        0.08375 0.05247 0.04238 0.06256 0.01816 0.03835 0.05146 0.06963 0.02119 0.07770 0.09082 0.06458 0.03532 0.03431 0.04339 0.04844 0.05651 0.00404 0.02624 0.07871
Physcomitrella_patens_2        0.09716 0.05349 0.03057 0.05895 0.01856 0.03493 0.06004 0.07205 0.01747 0.07205 0.08952 0.05895 0.03712 0.03384 0.04258 0.05349 0.06004 0.00546 0.02402 0.07969
Physcomitrella_patens_chloro_1 0.12090 0.05040 0.03429 0.04839 0.00206 0.05645 0.05040 0.11285 0.01616 0.08263 0.07860 0.04235 0.02623 0.02422 0.03227 0.05443 0.05443 0.00005 0.02825 0.08465
Physcomitrella_patens_chloro_2 0.08549 0.05343 0.03117 0.06144 0.00445 0.03028 0.06589 0.07569 0.01247 0.05521 0.10419 0.05165 0.03206 0.04007 0.04898 0.04809 0.06144 0.01959 0.02760 0.09083
Physcomitrella_patens_mito_1   0.10333 0.05667 0.02500 0.05167 0.00834 0.05667 0.05833 0.09333 0.01334 0.07333 0.09333 0.05167 0.02000 0.03500 0.03834 0.05000 0.04667 0.00001 0.02834 0.09666
Physcomitrella_patens_mito_2   0.08401 0.05962 0.03252 0.06956 0.01265 0.02891 0.06504 0.06956 0.01987 0.07046 0.09214 0.04607 0.02349 0.03884 0.04697 0.04517 0.06052 0.02078 0.02258 0.09124
Phytophthora_ramorum_mito_1    0.08203 0.06621 0.03985 0.05303 0.00558 0.05567 0.05567 0.09521 0.00558 0.07148 0.09521 0.04776 0.02403 0.03722 0.04249 0.05830 0.06358 0.00031 0.02140 0.07939
Polysphondylium_pallidum_1     0.08024 0.04377 0.04111 0.06167 0.01127 0.04244 0.05371 0.06698 0.02321 0.08090 0.08621 0.06963 0.02785 0.04377 0.04509 0.05371 0.05968 0.00928 0.03050 0.06897
Polysphondylium_pallidum_2     0.07989 0.04775 0.03765 0.05510 0.01745 0.03398 0.06061 0.06887 0.01561 0.08264 0.08264 0.06612 0.03765 0.03673 0.04316 0.06336 0.05326 0.00735 0.01745 0.09275
Polysphondylium_pallidum_mito_1 0.07056 0.04193 0.04453 0.05234 0.01330 0.03933 0.06015 0.07056 0.02631 0.10440 0.08618 0.06536 0.02892 0.02892 0.03933 0.04974 0.06536 0.00289 0.02371 0.08618
Polysphondylium_pallidum_mito_2 0.07374 0.05475 0.03017 0.06816 0.01676 0.03687 0.06034 0.06704 0.02123 0.07039 0.09162 0.05028 0.03017 0.04358 0.04581 0.04469 0.06816 0.01788 0.02793 0.08045
Pseudanabaena_biceps_1         0.10632 0.04514 0.03210 0.06018 0.00502 0.04313 0.06620 0.08425 0.01204 0.08124 0.10231 0.06419 0.02307 0.02407 0.03511 0.05115 0.05316 0.00401 0.02407 0.08325
Pseudanabaena_biceps_2         0.08422 0.05836 0.02520 0.06698 0.00464 0.04178 0.06631 0.06963 0.01658 0.07029 0.10279 0.04973 0.02719 0.03647 0.04708 0.04708 0.06167 0.01260 0.02851 0.08289
Pyrobaculum_aerophilum_1       0.06993 0.07938 0.01892 0.04915 0.00569 0.02648 0.07182 0.08505 0.02081 0.06993 0.09827 0.05293 0.02270 0.03970 0.05293 0.04915 0.06426 0.01136 0.03970 0.07182
Pyrobaculum_aerophilum_2       0.08246 0.06842 0.01930 0.05000 0.00439 0.01842 0.07193 0.06140 0.02281 0.07719 0.09298 0.05965 0.02105 0.04211 0.06404 0.04474 0.05351 0.02105 0.04035 0.08421
Pyrococcus_furiosus_1          0.08812 0.06142 0.02270 0.05874 0.00267 0.03204 0.07343 0.07610 0.02537 0.09479 0.08278 0.06275 0.02804 0.03872 0.05607 0.03471 0.06008 0.00534 0.02537 0.07076
Pyrococcus_furiosus_2          0.08032 0.05969 0.02506 0.05748 0.00663 0.02579 0.08254 0.06190 0.02432 0.08475 0.08769 0.06264 0.02874 0.03095 0.05380 0.03611 0.04643 0.01990 0.03685 0.08843
Reticulomyxa_filosa_1          0.07860 0.05302 0.04022 0.05484 0.01829 0.04571 0.04753 0.07677 0.02012 0.08408 0.08591 0.06946 0.02926 0.04205 0.04571 0.06033 0.04388 0.00002 0.02012 0.08408
Reticulomyxa_filosa_2          0.07887 0.05915 0.03380 0.04648 0.01549 0.04085 0.07465 0.07324 0.01127 0.07746 0.09718 0.05634 0.02394 0.03521 0.03662 0.05775 0.06479 0.00563 0.02113 0.09014
Reticulomyxa_filosa_mito_2     0.05827 0.03622 0.05000 0.05000 0.03347 0.02796 0.06102 0.07204 0.02796 0.07204 0.09960 0.05827 0.02520 0.04173 0.04724 0.06102 0.05551 0.01142 0.03071 0.08031
Rhodopirellula_baltica_1       0.09656 0.05556 0.02116 0.05291 0.00926 0.03175 0.06614 0.10185 0.01852 0.06481 0.08730 0.05291 0.02910 0.03307 0.04762 0.04630 0.05952 0.00132 0.02910 0.09524
Rhodopirellula_baltica_2       0.08511 0.06698 0.02758 0.06619 0.00630 0.04492 0.05989 0.07801 0.01970 0.06698 0.08668 0.04334 0.02758 0.04571 0.05280 0.04492 0.06304 0.01655 0.02285 0.07486
Rhodopseudomonas_palustris_1   0.10026 0.06464 0.03430 0.05937 0.00792 0.03958 0.05541 0.08575 0.01451 0.07256 0.08575 0.05673 0.02902 0.03166 0.04222 0.04485 0.05541 0.00132 0.02770 0.09103
Rhodopseudomonas_palustris_2   0.09700 0.06230 0.02760 0.06861 0.00710 0.02997 0.06703 0.07886 0.02287 0.06782 0.08912 0.04495 0.02603 0.03312 0.04574 0.04180 0.06625 0.01814 0.02760 0.07808
Rickettsia_bellii_1            0.07628 0.04372 0.04000 0.05302 0.01023 0.04372 0.07256 0.06047 0.02512 0.07535 0.08744 0.06977 0.02977 0.05209 0.03535 0.05767 0.04372 0.00930 0.03256 0.08186
Rickettsia_bellii_2            0.08835 0.03916 0.03414 0.06827 0.00703 0.03916 0.06727 0.07631 0.01406 0.08133 0.09639 0.06727 0.02912 0.03313 0.03614 0.05924 0.06627 0.00301 0.02108 0.07329
Roseobacter_litoralis_1        0.10931 0.05533 0.03104 0.06613 0.00607 0.03981 0.05128 0.07895 0.01822 0.06073 0.08435 0.04858 0.03779 0.04184 0.04049 0.05533 0.05668 0.00877 0.02362 0.08570
