AAML (in paml version 4.10.7, June 2023)  tmp0001.txt
Model: Empirical_F,  (/data/scratch/btx126/LUCAdup/control_files/lg.dat) dGamma (ncatG=4) ns = 246  ls = 490


Frequencies..
                                    A      R      N      D      C      Q      E      G      H      I      L      K      M      F      P      S      T      W      Y      V
Dictyoglomus_turgidum_1        0.08311 0.06702 0.03753 0.04558 0.00268 0.03753 0.06434 0.10724 0.01340 0.09383 0.10992 0.03485 0.02145 0.03753 0.04290 0.03485 0.05898 0.00000 0.04290 0.06434
Jonquetella_anthropi_1         0.10992 0.06971 0.02145 0.06434 0.00804 0.03485 0.04290 0.12332 0.01072 0.05630 0.10724 0.02949 0.01877 0.02949 0.03485 0.08043 0.05094 0.00000 0.02681 0.08043
Actinomadura_madurae_1         0.10372 0.06915 0.02926 0.04787 0.00532 0.03723 0.06117 0.11170 0.01064 0.06915 0.09840 0.04787 0.01330 0.02660 0.04255 0.06117 0.06649 0.00532 0.02394 0.06915
Rhodopirellula_baltica_1       0.11528 0.05362 0.01877 0.05094 0.00268 0.03753 0.05362 0.11260 0.01340 0.06971 0.09115 0.04021 0.02949 0.02681 0.05362 0.05898 0.06166 0.00000 0.02949 0.08043
Verrucomicrobium_spinosum_1    0.10753 0.05645 0.02957 0.06720 0.00269 0.04570 0.04570 0.10753 0.00269 0.07258 0.09677 0.04839 0.02151 0.03226 0.03226 0.06183 0.05376 0.00000 0.03226 0.08333
Chloroflexus_1                 0.12332 0.07239 0.02949 0.05630 0.00268 0.06166 0.05630 0.09651 0.00268 0.08311 0.09383 0.03217 0.01340 0.02145 0.04021 0.04558 0.05094 0.00000 0.03217 0.08579
Oscillochloris_trichoides_1    0.11796 0.06702 0.03753 0.05630 0.00268 0.05898 0.05094 0.09383 0.00268 0.07239 0.10724 0.04021 0.00804 0.02145 0.03753 0.06702 0.03753 0.00000 0.02949 0.09115
Elusimicrobium_minutum_1       0.08488 0.04775 0.03979 0.05570 0.00531 0.05570 0.05305 0.10080 0.00531 0.07427 0.10610 0.05836 0.02122 0.02653 0.04775 0.07427 0.05040 0.00265 0.02653 0.06366
Clostridium_acetobutylicum_1   0.08847 0.04290 0.02949 0.05362 0.00536 0.04290 0.06702 0.10188 0.00536 0.08043 0.09115 0.07239 0.03217 0.02145 0.03753 0.06434 0.04826 0.00000 0.03753 0.07775
Lentisphaera_araneosa_1        0.09920 0.05362 0.04021 0.05630 0.00536 0.04558 0.05898 0.09651 0.01072 0.07239 0.09383 0.04826 0.02413 0.02145 0.04290 0.05898 0.08043 0.00000 0.02681 0.06434
Chlamydia_trachomatis_1        0.10724 0.05094 0.03217 0.05898 0.00536 0.04558 0.05094 0.09651 0.01340 0.07775 0.09651 0.04558 0.03217 0.01609 0.04021 0.05362 0.05898 0.00268 0.03217 0.08311
Melainabacteria_bacterium_1    0.11260 0.04558 0.04290 0.05630 0.00000 0.04826 0.05630 0.10188 0.00536 0.09651 0.09383 0.05898 0.01609 0.02145 0.04021 0.04826 0.06702 0.00000 0.02681 0.06166
Volvox_carteri_chloro_1        0.12567 0.05882 0.03209 0.04278 0.00267 0.04278 0.05615 0.09893 0.00267 0.06952 0.11497 0.04813 0.01872 0.02139 0.03743 0.06417 0.06417 0.00000 0.03476 0.06417
Gloeobacter_violaceus_1        0.12869 0.06166 0.02681 0.04826 0.00536 0.03753 0.04826 0.10188 0.00268 0.08847 0.11260 0.05362 0.01609 0.02145 0.03753 0.05362 0.06434 0.00000 0.03217 0.05898
Cyanidioschyzon_merolae_chloro_1 0.12332 0.05362 0.03485 0.05898 0.00000 0.06434 0.04290 0.09651 0.01072 0.07507 0.09920 0.04290 0.02681 0.01877 0.03217 0.06434 0.05094 0.00268 0.02413 0.07775
Galdieria_sulphuraria_chloro_1 0.10724 0.04826 0.04290 0.04826 0.00268 0.06166 0.06166 0.09383 0.00268 0.09383 0.09651 0.05094 0.02145 0.02145 0.03485 0.06702 0.05094 0.00000 0.02949 0.06434
Thalassiosira_pseudonana_chloro_1 0.10992 0.05094 0.04021 0.05094 0.00000 0.05630 0.05094 0.09651 0.00268 0.09115 0.09383 0.04290 0.02413 0.02413 0.03753 0.06971 0.06702 0.00000 0.02681 0.06434
Oryza_sativa_chloro_1          0.11796 0.06434 0.02413 0.04021 0.00000 0.05898 0.06166 0.09383 0.00804 0.09115 0.09920 0.03753 0.02681 0.02413 0.03217 0.07775 0.05362 0.00000 0.03217 0.05630
Physcomitrella_patens_chloro_1 0.12064 0.05362 0.03217 0.04558 0.00000 0.06166 0.05362 0.09651 0.00804 0.08579 0.09651 0.04558 0.02145 0.02413 0.03485 0.06971 0.05094 0.00000 0.03217 0.06702
Cyanobium_gracile_1            0.13137 0.05630 0.02413 0.05094 0.00536 0.05094 0.05898 0.10188 0.00268 0.07775 0.09920 0.04290 0.02413 0.02145 0.03217 0.05362 0.06166 0.00000 0.02413 0.08043
Pseudanabaena_biceps_1         0.12064 0.05630 0.02681 0.05094 0.00268 0.05362 0.05630 0.09920 0.00268 0.08579 0.09115 0.05898 0.02413 0.01877 0.03753 0.05630 0.04826 0.00000 0.03753 0.07239
Synechocystis_sp._PCC_6803_1   0.12064 0.05094 0.02949 0.05362 0.00000 0.05630 0.05094 0.09920 0.00536 0.09115 0.09115 0.04558 0.02949 0.02681 0.03753 0.06166 0.07507 0.00000 0.02681 0.04826
Leptolyngbya_valderiana_1      0.11796 0.05630 0.02681 0.05630 0.00000 0.05094 0.05898 0.09920 0.00536 0.08311 0.09651 0.05094 0.02413 0.01877 0.04021 0.05630 0.06166 0.00000 0.02949 0.06702
Chlorogloeopsis_fritschii_1    0.13137 0.05362 0.03217 0.05630 0.00000 0.05630 0.05898 0.09383 0.00536 0.08043 0.09651 0.05362 0.02413 0.01877 0.03753 0.04826 0.05898 0.00000 0.03217 0.06166
Cylindrospermopsis_raciborskii_1 0.12064 0.05362 0.02949 0.05630 0.00000 0.06166 0.05094 0.09651 0.00268 0.08311 0.08579 0.05362 0.02145 0.02145 0.03217 0.05898 0.06702 0.00000 0.02949 0.07507
Kosmotoga_olearia_1            0.11796 0.06702 0.03217 0.05630 0.00000 0.03753 0.06971 0.10188 0.00536 0.08311 0.11528 0.05094 0.01877 0.01609 0.04290 0.03217 0.05094 0.00000 0.04290 0.05898
Aquifex_aeolicus_1             0.10724 0.06434 0.02681 0.05094 0.00268 0.04558 0.07239 0.09920 0.01072 0.08847 0.09920 0.05898 0.01609 0.02949 0.04290 0.04021 0.04558 0.00000 0.02949 0.06971
Campylobacter_jejuni_1         0.10383 0.06284 0.02732 0.04645 0.00000 0.04372 0.06284 0.10656 0.01093 0.06831 0.10383 0.06557 0.02186 0.02459 0.03552 0.05464 0.04645 0.00000 0.03005 0.08470
Thermodesulfatator_indicus_1   0.12064 0.08043 0.02413 0.05094 0.00804 0.03753 0.06702 0.09920 0.01072 0.08311 0.09115 0.05362 0.02413 0.02949 0.04558 0.04021 0.04290 0.00000 0.03485 0.05630
Volvox_carteri_mito_1          0.11406 0.06101 0.02387 0.04775 0.00796 0.05305 0.03183 0.10345 0.01326 0.05836 0.10875 0.05040 0.01326 0.03183 0.03979 0.05570 0.05305 0.00000 0.03714 0.09549
Thalassiosira_pseudonana_mito_1 0.10400 0.06400 0.02400 0.07467 0.00800 0.05067 0.04267 0.10667 0.01067 0.06667 0.08800 0.05067 0.02133 0.02667 0.04000 0.05067 0.04800 0.00000 0.03467 0.08800
Roseobacter_litoralis_1        0.10875 0.05570 0.03448 0.06631 0.00000 0.04509 0.04509 0.09549 0.00796 0.06366 0.08753 0.04509 0.02653 0.02918 0.04509 0.08753 0.05570 0.00000 0.02653 0.07427
Sphingopyxis_alaskensis_1      0.11406 0.06366 0.03183 0.06631 0.00265 0.04775 0.03979 0.10345 0.00531 0.06366 0.08753 0.06101 0.02387 0.03183 0.04244 0.05305 0.05040 0.00000 0.02387 0.08753
Rhodopseudomonas_palustris_1   0.10610 0.07427 0.03183 0.05836 0.00265 0.05040 0.04509 0.09814 0.00531 0.07692 0.09019 0.05305 0.02122 0.02918 0.04509 0.04775 0.06101 0.00000 0.02918 0.07427
Phytophthora_ramorum_mito_1    0.08223 0.06631 0.03979 0.05305 0.00531 0.05570 0.05570 0.09549 0.00531 0.07162 0.09549 0.04775 0.02387 0.03714 0.04244 0.05836 0.06366 0.00000 0.02122 0.07958
Cyanidioschyzon_merolae_mito_1 0.11497 0.07754 0.02674 0.06150 0.00535 0.05882 0.04813 0.09893 0.01070 0.07219 0.09358 0.04545 0.02139 0.02674 0.03743 0.05348 0.03743 0.00000 0.02406 0.08556
Agaricus_bisporus_mito_1       0.10667 0.07467 0.02933 0.05600 0.00533 0.03733 0.05600 0.10933 0.00800 0.07467 0.09867 0.04800 0.02667 0.02933 0.04267 0.05067 0.04533 0.00533 0.02400 0.07200
Batrachochytrium_dendrobatidis_mito_1 0.09600 0.06400 0.04000 0.06133 0.00267 0.06133 0.04267 0.10133 0.00800 0.06667 0.09067 0.05600 0.02400 0.03467 0.03733 0.05600 0.04000 0.00267 0.02400 0.09067
Galdieria_sulphuraria_mito_1   0.10638 0.07181 0.03191 0.05851 0.00532 0.04787 0.04787 0.10638 0.00798 0.06117 0.09309 0.05053 0.02660 0.03191 0.03723 0.05585 0.03989 0.00266 0.02660 0.09043
Physcomitrella_patens_mito_1   0.11141 0.06366 0.02653 0.05040 0.00796 0.06101 0.04244 0.09549 0.00531 0.08223 0.09549 0.05040 0.01857 0.02918 0.03714 0.06366 0.04509 0.00000 0.03183 0.08223
Rickettsia_bellii_1            0.10550 0.05046 0.01835 0.04128 0.00917 0.04587 0.06881 0.06881 0.01376 0.07798 0.09633 0.06881 0.01835 0.04128 0.03211 0.08716 0.04128 0.00000 0.05046 0.06422
Jidaibacter_acanthamoeba_1     0.13060 0.05970 0.01119 0.04851 0.00373 0.05224 0.07090 0.07463 0.00746 0.04851 0.10075 0.07090 0.02239 0.03358 0.02985 0.07463 0.05224 0.00000 0.04104 0.06716
Amphimedon_queenslandica_mito_1 0.09867 0.06933 0.03200 0.06400 0.00267 0.04800 0.04533 0.10133 0.00533 0.06933 0.09867 0.05067 0.02667 0.02667 0.04000 0.05067 0.05067 0.00000 0.03467 0.08533
Homo_sapiens_mito_1            0.09867 0.07467 0.02933 0.06400 0.00267 0.04800 0.04000 0.10400 0.00533 0.07200 0.09867 0.05067 0.02400 0.02400 0.03733 0.05600 0.05067 0.00000 0.03467 0.08533
Hydra_vulgaris_mito_1          0.10667 0.06667 0.02667 0.05867 0.00533 0.04533 0.04267 0.10400 0.00800 0.06667 0.09867 0.05333 0.02667 0.02400 0.04000 0.06133 0.04000 0.00000 0.03200 0.09333
Limulus_polyphemus_mito_1      0.10345 0.06897 0.03161 0.05747 0.00575 0.04598 0.04023 0.10345 0.00575 0.07759 0.09483 0.05172 0.02586 0.02299 0.04310 0.05172 0.04885 0.00000 0.03448 0.08621
Latescibacteria_bacterium_1    0.10456 0.06702 0.02145 0.05898 0.00268 0.04290 0.05898 0.09920 0.01072 0.07775 0.09115 0.04558 0.02145 0.02413 0.04558 0.04826 0.05094 0.00000 0.03217 0.09651
Thermodesulfovibrio_islandicus_1 0.09920 0.06971 0.02413 0.05630 0.01072 0.05094 0.05630 0.10188 0.01072 0.06434 0.10456 0.05898 0.02949 0.01877 0.03753 0.03485 0.05362 0.00000 0.03753 0.08043
Caldithrix_abyssi_1            0.10456 0.06434 0.02413 0.04826 0.00000 0.04021 0.07239 0.10724 0.00804 0.08043 0.08847 0.05362 0.02949 0.02681 0.03753 0.04290 0.05094 0.00536 0.03217 0.08311
Chlorobium_phaeovibrioides_1   0.11406 0.05570 0.02918 0.05305 0.00000 0.03714 0.05570 0.11671 0.00796 0.08223 0.10875 0.05305 0.01857 0.03183 0.03979 0.05040 0.05836 0.00000 0.02122 0.06631
Pyrobaculum_aerophilum_1       0.06469 0.08625 0.01887 0.04852 0.00270 0.02965 0.07278 0.09973 0.01887 0.07008 0.10782 0.02965 0.02156 0.03235 0.05930 0.04582 0.05930 0.00809 0.04313 0.08086
Caldivirga_maquilingensis_1    0.07527 0.08602 0.01882 0.05645 0.00000 0.02151 0.06452 0.08871 0.01344 0.06720 0.12366 0.02419 0.02957 0.03763 0.05645 0.06183 0.05108 0.00806 0.04032 0.07527
Lokiarchaeum_sp._GC14_75_1     0.05455 0.05455 0.05455 0.05818 0.00364 0.04727 0.06909 0.06182 0.01818 0.12364 0.09455 0.06182 0.01455 0.04727 0.04364 0.08000 0.03636 0.00000 0.03636 0.04000
Cyanidioschyzon_merolae_1      0.08065 0.07796 0.02419 0.06452 0.01075 0.03495 0.05645 0.07527 0.01882 0.07527 0.09140 0.02688 0.03763 0.04032 0.06452 0.06183 0.06183 0.00000 0.02688 0.06989
Elphidium_margaritaceum_1      0.07902 0.05177 0.03270 0.05177 0.00272 0.04360 0.07629 0.08719 0.01090 0.08174 0.08719 0.03815 0.04087 0.03542 0.06267 0.06267 0.04905 0.00000 0.03270 0.07357
Reticulomyxa_filosa_1          0.05085 0.04520 0.04520 0.05650 0.01130 0.05085 0.06779 0.11864 0.00566 0.07344 0.06215 0.05085 0.03390 0.06215 0.06779 0.05085 0.03955 0.00001 0.00566 0.10169
Paramecium_tetraurelia_1       0.07162 0.04775 0.05040 0.05040 0.00531 0.04509 0.08223 0.06631 0.01592 0.08753 0.08753 0.04509 0.02918 0.04509 0.06631 0.06101 0.05305 0.00000 0.03183 0.05836
Ectocarpus_siliculosus_1       0.09016 0.05464 0.04372 0.05738 0.00820 0.03552 0.07104 0.06831 0.02186 0.07104 0.10383 0.03552 0.03279 0.03005 0.05738 0.06284 0.05464 0.00273 0.03005 0.06831
Thalassiosira_pseudonana_1     0.08730 0.05820 0.04233 0.05291 0.00265 0.02910 0.07143 0.07143 0.01852 0.06878 0.09524 0.03968 0.03704 0.03439 0.05556 0.07672 0.05291 0.00000 0.03175 0.07407
Chondrus_crispus_1             0.07754 0.06684 0.03743 0.05348 0.00267 0.03743 0.07219 0.08021 0.02139 0.07219 0.08824 0.03209 0.02941 0.03743 0.06684 0.05882 0.05882 0.00000 0.03209 0.07487
Galdieria_sulphuraria_1        0.08462 0.06923 0.03462 0.05000 0.00769 0.03462 0.06923 0.08462 0.00769 0.08846 0.09615 0.02692 0.03077 0.04231 0.06154 0.05385 0.05769 0.00000 0.02308 0.07692
Bathycoccus_prasinos_1         0.07418 0.06868 0.04670 0.05769 0.00275 0.03297 0.07692 0.07967 0.01648 0.08791 0.09890 0.03297 0.02747 0.03571 0.05220 0.04945 0.06319 0.00000 0.03022 0.06593
Chlamydomonas_reinhardtii_1    0.07629 0.05995 0.03270 0.04905 0.00272 0.03815 0.07629 0.07629 0.02180 0.08447 0.09537 0.04905 0.02452 0.03542 0.05995 0.05450 0.05995 0.00000 0.03270 0.07084
Volvox_carteri_1               0.07902 0.05995 0.03270 0.04905 0.00272 0.03270 0.07629 0.07902 0.02452 0.08447 0.09537 0.04360 0.02452 0.03542 0.05722 0.05722 0.06267 0.00000 0.03270 0.07084
Physcomitrella_patens_1        0.07084 0.06267 0.04360 0.05450 0.00272 0.04360 0.07084 0.07629 0.01635 0.08992 0.09264 0.03542 0.02725 0.03270 0.05995 0.05722 0.05995 0.00000 0.03815 0.06540
Arabidopsis_thaliana_1         0.06812 0.05995 0.04087 0.05450 0.00272 0.04087 0.07084 0.07629 0.01635 0.08992 0.09264 0.03815 0.02997 0.03542 0.05995 0.05995 0.06267 0.00000 0.03542 0.06540
Oryza_sativa_1                 0.07084 0.06267 0.04087 0.05722 0.00272 0.04087 0.07084 0.07629 0.01635 0.08992 0.09264 0.03270 0.02725 0.03270 0.05995 0.05722 0.06540 0.00000 0.03815 0.06540
Saccharomyces_cerevisiae_1     0.07427 0.06366 0.04509 0.06366 0.00265 0.02918 0.08223 0.07958 0.01592 0.09284 0.09019 0.03714 0.02122 0.03448 0.05570 0.05836 0.06101 0.00000 0.03714 0.05570
Dictyostelium_discoideum_1     0.06720 0.06183 0.04032 0.05914 0.00538 0.03226 0.06989 0.07796 0.02151 0.08871 0.08602 0.03495 0.02957 0.03495 0.05645 0.08065 0.05914 0.00000 0.03226 0.06183
Polysphondylium_pallidum_1     0.06452 0.05914 0.04032 0.06452 0.00538 0.03495 0.06720 0.07796 0.02151 0.09140 0.08333 0.04032 0.02957 0.03495 0.06183 0.06989 0.05914 0.00000 0.03226 0.06183
Homo_sapiens_1                 0.07880 0.05978 0.04348 0.05707 0.01087 0.03804 0.06793 0.07337 0.01902 0.08696 0.09239 0.03533 0.02717 0.04348 0.05978 0.05978 0.05163 0.00000 0.02989 0.06522
Hydra_vulgaris_1               0.07629 0.05177 0.04360 0.05722 0.00817 0.03542 0.05995 0.07629 0.01635 0.08992 0.09264 0.04632 0.02725 0.04360 0.05995 0.06540 0.05722 0.00272 0.02725 0.06267
Limulus_polyphemus_1           0.12173 0.05689 0.06499 0.04878 0.01636 0.03257 0.08931 0.07310 0.02447 0.08931 0.07310 0.00826 0.04068 0.04878 0.04878 0.04068 0.04878 0.00015 0.00826 0.06499
Amphimedon_queenslandica_1     0.07357 0.06267 0.04360 0.05995 0.00817 0.04087 0.06812 0.07357 0.01635 0.08719 0.08992 0.03542 0.02997 0.04632 0.05450 0.05722 0.05722 0.00272 0.02725 0.06540
Agaricus_bisporus_1            0.08355 0.05483 0.04439 0.06266 0.00261 0.03916 0.06527 0.08094 0.01567 0.08094 0.08877 0.04178 0.02611 0.03655 0.06005 0.06005 0.05483 0.00000 0.03394 0.06789
Batrachochytrium_dendrobatidis_1 0.09459 0.05676 0.04324 0.04865 0.00270 0.03514 0.07838 0.07568 0.01622 0.08378 0.08919 0.04595 0.02162 0.04054 0.05405 0.05135 0.05676 0.00000 0.03514 0.07027
Korarchaeum_cryptofilum_1      0.06233 0.07859 0.02439 0.05691 0.00271 0.02981 0.08672 0.08672 0.01084 0.07859 0.11382 0.03523 0.01897 0.04065 0.05962 0.05691 0.03794 0.00271 0.02981 0.08672
Heimdallarchaeota_archaeon_LC_3_1 0.07258 0.06989 0.02957 0.05376 0.00269 0.04570 0.07796 0.08602 0.01075 0.08333 0.11290 0.03495 0.01344 0.04301 0.05376 0.05914 0.05108 0.00000 0.03763 0.06183
Heimdallarchaeota_archaeon_AB_125_1 0.06933 0.05867 0.02667 0.08000 0.00533 0.03467 0.06400 0.08533 0.01067 0.07467 0.11733 0.04533 0.01867 0.04000 0.05333 0.04800 0.06400 0.00000 0.03467 0.06933
Heimdallarchaeota_archaeon_LC_2_1 0.07817 0.07008 0.03504 0.05930 0.00270 0.03774 0.07547 0.08625 0.01078 0.08356 0.12129 0.03504 0.01348 0.04582 0.05391 0.05930 0.05121 0.00000 0.02695 0.05391
Thermofilum_pendens_1          0.06849 0.07945 0.02466 0.04110 0.00274 0.03288 0.08493 0.09315 0.01096 0.08493 0.11233 0.03014 0.02466 0.04658 0.05479 0.06027 0.04384 0.00000 0.03288 0.07123
Thermoplasma_volcanium_1       0.07104 0.06831 0.04372 0.05738 0.00273 0.03552 0.07377 0.09016 0.01093 0.08743 0.10656 0.03552 0.03005 0.03552 0.04918 0.06284 0.06284 0.00000 0.03552 0.04098
Staphylothermus_marinus_1      0.07859 0.07588 0.02439 0.05962 0.00271 0.02439 0.07046 0.08943 0.01084 0.10027 0.09485 0.04065 0.02439 0.03523 0.05962 0.05420 0.04336 0.00542 0.03794 0.06775
Caldiarchaeum_subterraneum_1   0.07500 0.07500 0.02500 0.05556 0.00000 0.03611 0.08056 0.09444 0.01111 0.06667 0.11944 0.02500 0.02778 0.02778 0.06111 0.06389 0.04722 0.00000 0.03333 0.07500
Cenarchaeum_symbiosum_1        0.07945 0.06849 0.03014 0.06027 0.00000 0.03836 0.06849 0.09589 0.01096 0.08219 0.10137 0.03562 0.02740 0.02740 0.04932 0.05753 0.05753 0.00000 0.03014 0.07945
Nitrosopumilus_maritimus_1     0.07629 0.05722 0.02997 0.06267 0.00000 0.03815 0.07629 0.08992 0.01090 0.07629 0.09809 0.04087 0.02725 0.03270 0.05177 0.05722 0.05177 0.00000 0.02997 0.09264
Nitrosoarchaeum_limnia_1       0.07357 0.05450 0.02725 0.06267 0.00000 0.03270 0.07357 0.09264 0.01090 0.07357 0.09809 0.05177 0.02725 0.03270 0.05177 0.05995 0.05177 0.00000 0.02997 0.09537
Odinarchaeota_archaeon_LCB_4_1 0.07337 0.06250 0.02717 0.06793 0.00272 0.02989 0.07609 0.08696 0.01087 0.08696 0.09783 0.05435 0.02446 0.02989 0.05707 0.05978 0.05163 0.00272 0.04076 0.05707
Thorarchaeota_archaeon_SMTZ1-45_1 0.07796 0.06452 0.02688 0.06183 0.00000 0.03495 0.07527 0.09409 0.02151 0.06989 0.10753 0.03226 0.01882 0.03495 0.06183 0.04570 0.07527 0.00269 0.03495 0.05914
Thorarchaeota_archaeon_AB_25_1 0.08333 0.06452 0.02688 0.05645 0.00000 0.03495 0.07527 0.09140 0.02151 0.07527 0.10753 0.03495 0.01882 0.03495 0.06452 0.04839 0.06720 0.00269 0.03495 0.05645
Methanomassiliicoccus_luminyensis_1 0.10082 0.06812 0.02725 0.06812 0.00545 0.03542 0.06540 0.09809 0.01090 0.08447 0.08992 0.04087 0.02725 0.03270 0.05722 0.03815 0.05722 0.00272 0.02725 0.06267
Methanosarcina_mazei_1         0.08992 0.06540 0.03270 0.05995 0.00272 0.03270 0.06812 0.09537 0.01635 0.07902 0.10082 0.02997 0.02452 0.02997 0.05995 0.05177 0.05450 0.00000 0.03270 0.07357
Archaeoglobus_fulgidus_1       0.07754 0.07754 0.02406 0.04813 0.00535 0.03476 0.09893 0.09091 0.01337 0.07487 0.09626 0.03209 0.03209 0.03209 0.06150 0.03476 0.06150 0.00267 0.03476 0.06684
Methanothermobacter_thermautotrophicus_1 0.07671 0.07397 0.01644 0.06575 0.00274 0.02740 0.09863 0.08493 0.01644 0.07945 0.09863 0.03014 0.03836 0.03562 0.05479 0.04658 0.06575 0.00000 0.02740 0.06027
Methanocaldococcus_jannaschii_1 0.08470 0.07650 0.02732 0.05464 0.00273 0.03005 0.08743 0.09836 0.01366 0.07650 0.09563 0.04098 0.02459 0.03005 0.05738 0.03005 0.06557 0.00000 0.03005 0.07377
Pyrococcus_furiosus_1          0.07880 0.07609 0.02174 0.06250 0.00272 0.02989 0.08696 0.08696 0.01359 0.08152 0.10054 0.04076 0.02989 0.03261 0.05978 0.04076 0.05707 0.00000 0.03261 0.06522
Methanopyrus_kandleri_1        0.07796 0.08333 0.01882 0.06452 0.00538 0.03226 0.11022 0.08602 0.01882 0.07527 0.10215 0.02688 0.02419 0.02957 0.06183 0.03495 0.05914 0.00000 0.02419 0.06452
Sulfolobus_solfataricus_1      0.08447 0.06267 0.04087 0.05722 0.00272 0.02180 0.06812 0.09537 0.00817 0.08719 0.10899 0.04905 0.02997 0.03270 0.05450 0.04905 0.05450 0.00000 0.03542 0.05722
Hyperthermus_butylicus_1       0.07547 0.08086 0.02695 0.04582 0.00270 0.03235 0.07817 0.09434 0.01617 0.08356 0.09704 0.03235 0.02695 0.03774 0.05391 0.06469 0.05121 0.00000 0.03235 0.06739
Ignicoccus_hospitalis_1        0.08356 0.06469 0.02965 0.04582 0.00270 0.03235 0.08086 0.08895 0.01348 0.08086 0.09704 0.04582 0.03504 0.02965 0.04852 0.05930 0.05391 0.00000 0.03774 0.07008
Elphidium_margaritaceum_mito_2 0.06667 0.05600 0.01867 0.06667 0.02400 0.04267 0.08267 0.09067 0.01333 0.06667 0.07467 0.04533 0.04000 0.03733 0.04000 0.05333 0.04533 0.01333 0.02133 0.10133
Reticulomyxa_filosa_mito_2     0.07514 0.02891 0.02313 0.05202 0.04046 0.02891 0.06358 0.10982 0.02313 0.05780 0.06936 0.05780 0.02891 0.03468 0.05780 0.05202 0.07514 0.00579 0.02313 0.09248
Actinomadura_madurae_2         0.09459 0.05135 0.02703 0.08378 0.00270 0.03514 0.07838 0.08108 0.01622 0.07568 0.08649 0.04054 0.03243 0.02973 0.05405 0.04324 0.05405 0.00811 0.01892 0.08649
Rhodopirellula_baltica_2       0.08871 0.07258 0.02151 0.05914 0.00269 0.05108 0.07796 0.09140 0.01075 0.06989 0.09140 0.03226 0.02419 0.03226 0.05376 0.05376 0.06452 0.00538 0.02151 0.07527
Jonquetella_anthropi_2         0.09836 0.07104 0.02186 0.05738 0.00273 0.04372 0.07104 0.09836 0.00820 0.05738 0.11202 0.03825 0.03552 0.03005 0.04918 0.04645 0.06284 0.00546 0.01913 0.07104
Bodo_saltans_mito_2            0.08377 0.06021 0.02356 0.07068 0.01571 0.04188 0.05236 0.07592 0.01309 0.07330 0.10209 0.04188 0.02356 0.02094 0.06021 0.05497 0.06283 0.00262 0.02356 0.09686
Leishmania_major_mito_2        0.10428 0.05348 0.02941 0.06684 0.01070 0.04545 0.06417 0.07754 0.01070 0.06684 0.09358 0.05080 0.02941 0.02139 0.04545 0.04011 0.06150 0.00000 0.02406 0.10428
Chloroflexus_2                 0.08130 0.06233 0.01897 0.06504 0.00271 0.04607 0.08943 0.08401 0.00813 0.08130 0.07588 0.04065 0.02710 0.04336 0.06233 0.04607 0.04878 0.00000 0.02168 0.09485
Oscillochloris_trichoides_2    0.10027 0.05962 0.01626 0.06504 0.00271 0.05149 0.07588 0.08672 0.00542 0.07317 0.07859 0.03523 0.02439 0.04336 0.05962 0.04607 0.05691 0.00000 0.02439 0.09485
Elusimicrobium_minutum_2       0.08401 0.05149 0.03252 0.07588 0.00271 0.04065 0.07859 0.08943 0.00813 0.06775 0.11382 0.05149 0.01897 0.02439 0.05149 0.03794 0.04878 0.00271 0.02168 0.09756
Gemmatimonas_aurantiaca_2      0.09730 0.05946 0.03514 0.07568 0.00000 0.04324 0.05946 0.09459 0.01081 0.07297 0.09189 0.03514 0.01892 0.02973 0.05676 0.03514 0.05405 0.00270 0.02432 0.10270
Kosmotoga_olearia_2            0.08672 0.06233 0.02981 0.06504 0.00000 0.04336 0.08401 0.08672 0.00813 0.08401 0.09485 0.03523 0.02439 0.03794 0.05420 0.03794 0.04878 0.00542 0.01897 0.09214
Acidobacterium_capsulatum_2    0.09214 0.05420 0.01626 0.05691 0.00271 0.05420 0.07859 0.09214 0.01355 0.06233 0.09214 0.04336 0.02981 0.02981 0.05691 0.04065 0.05962 0.00271 0.02168 0.10027
Chthonomonas_calidirosea_2     0.09485 0.06233 0.02981 0.04878 0.00271 0.04336 0.08672 0.08401 0.01084 0.07317 0.10569 0.04065 0.01897 0.02981 0.05962 0.04878 0.05420 0.00542 0.01626 0.08401
Latescibacteria_bacterium_2    0.06486 0.05946 0.02703 0.07027 0.00811 0.03784 0.07027 0.09189 0.01081 0.07027 0.10270 0.03784 0.02432 0.02973 0.06216 0.05405 0.07027 0.00270 0.02432 0.08108
Melainabacteria_bacterium_2    0.07065 0.04620 0.03261 0.05978 0.00000 0.04348 0.08424 0.08152 0.01087 0.08152 0.09783 0.05978 0.03261 0.02174 0.05707 0.05163 0.06250 0.00272 0.02717 0.07609
Campylobacter_jejuni_2         0.09756 0.04336 0.04065 0.07588 0.00271 0.02710 0.07859 0.08130 0.01084 0.07317 0.09214 0.06233 0.02981 0.03523 0.04878 0.04607 0.03794 0.00271 0.02710 0.08672
Chlorobium_phaeovibrioides_2   0.08992 0.05450 0.01907 0.07902 0.00000 0.04360 0.07629 0.08719 0.01090 0.07084 0.10082 0.04360 0.02725 0.02725 0.05177 0.05177 0.05995 0.00272 0.02180 0.08174
Dictyostelium_discoideum_mito_2 0.09600 0.04267 0.01867 0.06933 0.01067 0.03733 0.05600 0.09333 0.01600 0.07467 0.10133 0.05600 0.02667 0.02667 0.05867 0.04800 0.05600 0.00000 0.02667 0.08533
Thermodesulfovibrio_islandicus_2 0.08401 0.05149 0.01897 0.05962 0.00271 0.04065 0.07859 0.09214 0.01355 0.07588 0.09485 0.04878 0.04065 0.02981 0.05691 0.03523 0.05420 0.00000 0.02710 0.09485
Caldithrix_abyssi_2            0.07046 0.04607 0.02168 0.06233 0.00000 0.04065 0.10027 0.08401 0.01355 0.08401 0.10569 0.04607 0.02981 0.02168 0.05691 0.04607 0.06775 0.00271 0.02981 0.07046
Thermodesulfatator_indicus_2   0.09756 0.05691 0.02168 0.07046 0.00271 0.05420 0.06775 0.08672 0.01084 0.07317 0.09214 0.03523 0.02981 0.02439 0.06233 0.03252 0.05691 0.00271 0.02168 0.10027
Polysphondylium_pallidum_mito_2 0.08466 0.04233 0.01852 0.06614 0.00529 0.03704 0.06878 0.09524 0.01587 0.05820 0.10317 0.05556 0.02116 0.02646 0.05820 0.04762 0.07407 0.00000 0.02646 0.09524
Jidaibacter_acanthamoeba_2     0.09973 0.04852 0.02965 0.05930 0.00270 0.05121 0.07278 0.07817 0.01348 0.09434 0.09973 0.05121 0.02156 0.02156 0.04852 0.05660 0.05391 0.00000 0.02426 0.07278
Rickettsia_bellii_2            0.08602 0.04032 0.02688 0.06183 0.00538 0.04032 0.06989 0.08871 0.01613 0.08065 0.09677 0.05376 0.02151 0.02419 0.04839 0.06452 0.06183 0.00000 0.02151 0.09140
Cyanidioschyzon_merolae_mito_2 0.11653 0.05691 0.02168 0.06775 0.00271 0.04065 0.06504 0.08943 0.01355 0.07859 0.10027 0.03252 0.02439 0.02168 0.05420 0.03794 0.05420 0.00000 0.03252 0.08943
Chondrus_crispus_mito_2        0.10569 0.05691 0.02439 0.07046 0.00000 0.04336 0.05691 0.08943 0.01355 0.07046 0.10569 0.03252 0.02168 0.02710 0.05149 0.04878 0.06233 0.00000 0.02710 0.09214
Ectocarpus_siliculosus_mito_2  0.10512 0.04582 0.02695 0.06469 0.00270 0.04043 0.07278 0.09434 0.01348 0.06739 0.09164 0.04313 0.02965 0.02426 0.05391 0.03774 0.07278 0.00000 0.02426 0.08895
Thalassiosira_pseudonana_mito_2 0.10372 0.03989 0.02394 0.07181 0.00266 0.03723 0.06649 0.09043 0.01330 0.06649 0.09309 0.05585 0.03191 0.02660 0.05319 0.04255 0.06649 0.00000 0.02394 0.09043
Chlamydomonas_reinhardtii_mito_2 0.08488 0.05570 0.02918 0.07427 0.00796 0.03714 0.07427 0.09019 0.01061 0.06101 0.10080 0.03979 0.01857 0.02122 0.05040 0.05836 0.05836 0.00265 0.02387 0.10080
Volvox_carteri_mito_2          0.09284 0.05570 0.02918 0.07692 0.00531 0.03714 0.07162 0.09549 0.01061 0.06101 0.10080 0.03979 0.02122 0.02122 0.05040 0.04775 0.05836 0.00265 0.02387 0.09814
Arabidopsis_thaliana_mito_2    0.09214 0.05691 0.03523 0.05962 0.00271 0.03523 0.07046 0.09214 0.01626 0.07588 0.11111 0.04336 0.02168 0.01897 0.05149 0.04607 0.05691 0.00000 0.02710 0.08672
Oryza_sativa_mito_2            0.08967 0.05435 0.03533 0.05707 0.00272 0.03804 0.07337 0.09511 0.01630 0.07609 0.10598 0.04076 0.02174 0.02446 0.05163 0.04348 0.06250 0.00000 0.02174 0.08967
Physcomitrella_patens_mito_2   0.09239 0.05707 0.02717 0.06522 0.00543 0.04348 0.07065 0.09239 0.01630 0.07337 0.10326 0.04076 0.02174 0.02446 0.04620 0.04891 0.05707 0.00000 0.02446 0.08967
Roseobacter_litoralis_2        0.10840 0.04878 0.02439 0.06504 0.00000 0.04065 0.08672 0.08130 0.01626 0.07046 0.09485 0.03794 0.02981 0.02439 0.05149 0.05149 0.05962 0.00000 0.02168 0.08672
Saccharomyces_cerevisiae_mito_2 0.09677 0.05645 0.01882 0.06183 0.00000 0.04032 0.07796 0.09409 0.01075 0.07527 0.11022 0.05376 0.01344 0.02688 0.05108 0.04839 0.05645 0.00000 0.02151 0.08602
Sphingopyxis_alaskensis_2      0.10753 0.05108 0.02151 0.06720 0.00000 0.04301 0.06720 0.09140 0.01344 0.07258 0.09677 0.03763 0.01613 0.02957 0.05914 0.04839 0.06452 0.00000 0.02151 0.09140
Bathycoccus_prasinos_mito_2    0.08356 0.04582 0.02426 0.07817 0.00539 0.03774 0.06199 0.09704 0.01348 0.07547 0.09973 0.03504 0.02695 0.02426 0.05660 0.05930 0.06739 0.00000 0.02426 0.08356
Rhodopseudomonas_palustris_2   0.11081 0.04865 0.02162 0.05946 0.00270 0.03514 0.07838 0.09730 0.01892 0.07027 0.09459 0.04324 0.01892 0.02432 0.04595 0.04865 0.07027 0.00000 0.02432 0.08649
Galdieria_sulphuraria_mito_2   0.10027 0.05691 0.02981 0.07859 0.00271 0.04065 0.06233 0.08943 0.01626 0.07317 0.10027 0.04336 0.02168 0.02710 0.05149 0.03523 0.05691 0.00000 0.02710 0.08672
Agaricus_bisporus_mito_2       0.09239 0.04891 0.02174 0.06793 0.00000 0.03533 0.06793 0.09239 0.01359 0.07609 0.09783 0.05435 0.02446 0.02446 0.05978 0.04620 0.06250 0.00000 0.02174 0.09239
Batrachochytrium_dendrobatidis_mito_2 0.09511 0.04891 0.02446 0.07065 0.00543 0.04076 0.06522 0.09239 0.01630 0.08424 0.10054 0.04620 0.02174 0.02174 0.05978 0.04076 0.05978 0.00000 0.02446 0.08152
Amphimedon_queenslandica_mito_2 0.09239 0.05163 0.02446 0.07337 0.00272 0.02989 0.06522 0.09783 0.01359 0.07880 0.10054 0.04348 0.02717 0.02174 0.05435 0.04076 0.06250 0.00000 0.02717 0.09239
Hydra_vulgaris_mito_2          0.09756 0.04878 0.03794 0.06233 0.00271 0.03252 0.07046 0.08672 0.01355 0.08943 0.10027 0.04336 0.02439 0.02439 0.05420 0.04878 0.05149 0.00000 0.02439 0.08672
Homo_sapiens_mito_2            0.09322 0.04802 0.01695 0.06215 0.00000 0.03390 0.07062 0.09322 0.01412 0.07910 0.09887 0.04802 0.03107 0.02542 0.06215 0.04802 0.06215 0.00000 0.02542 0.08757
Limulus_polyphemus_mito_2      0.08696 0.05163 0.02446 0.07609 0.00000 0.02989 0.06793 0.08696 0.01630 0.08424 0.09783 0.04348 0.02446 0.02174 0.05707 0.05163 0.06250 0.00000 0.02717 0.08967
Clostridium_acetobutylicum_2   0.08130 0.05149 0.03523 0.06775 0.00000 0.04065 0.08943 0.08672 0.01084 0.08130 0.09214 0.04336 0.02710 0.02981 0.04878 0.04336 0.05691 0.00000 0.03252 0.08130
Gloeobacter_violaceus_2        0.08401 0.04607 0.02981 0.07317 0.00271 0.04065 0.06504 0.08672 0.00813 0.06504 0.11924 0.05420 0.02439 0.03252 0.05420 0.05149 0.05691 0.00000 0.02710 0.07859
Pseudanabaena_biceps_2         0.10027 0.05420 0.02439 0.06233 0.00271 0.03794 0.07317 0.08672 0.01084 0.06775 0.09756 0.03794 0.02439 0.03252 0.05420 0.05691 0.05962 0.00000 0.02981 0.08672
Cyanobium_gracile_2            0.09756 0.05691 0.01897 0.06775 0.00271 0.04065 0.06775 0.08943 0.01355 0.06233 0.11111 0.05149 0.02168 0.02981 0.05420 0.05420 0.05962 0.00000 0.02168 0.07859
Synechocystis_sp._PCC_6803_2   0.08401 0.05149 0.02710 0.07317 0.00271 0.03794 0.06775 0.09756 0.00813 0.07046 0.10027 0.04607 0.02710 0.02710 0.05691 0.04878 0.06233 0.00000 0.02710 0.08401
Chlorogloeopsis_fritschii_2    0.08401 0.05691 0.02710 0.06504 0.00271 0.03252 0.07588 0.10027 0.00813 0.06775 0.09756 0.04336 0.02981 0.02710 0.05691 0.05149 0.05962 0.00000 0.02710 0.08672
Cylindrospermopsis_raciborskii_2 0.07859 0.05420 0.03252 0.06504 0.00000 0.04065 0.06504 0.10298 0.00813 0.06775 0.10840 0.04336 0.02710 0.02439 0.05420 0.04607 0.06775 0.00000 0.02710 0.08672
Cyanidioschyzon_merolae_chloro_2 0.10082 0.05722 0.02452 0.05722 0.00817 0.05177 0.06540 0.08719 0.01090 0.06812 0.11172 0.03815 0.02452 0.02725 0.04905 0.05450 0.05450 0.00000 0.02180 0.08719
Galdieria_sulphuraria_chloro_2 0.08672 0.05149 0.02981 0.06233 0.00542 0.03794 0.07046 0.08401 0.00813 0.08401 0.10840 0.05420 0.02439 0.02710 0.04878 0.05420 0.06504 0.00000 0.02710 0.07046
Chondrus_crispus_chloro_2      0.09783 0.05163 0.02717 0.05435 0.00272 0.03804 0.07337 0.08696 0.00815 0.07065 0.10598 0.04620 0.02446 0.03261 0.05435 0.05707 0.05978 0.00000 0.02446 0.08424
Bathycoccus_prasinos_chloro_2  0.10354 0.04905 0.03270 0.06812 0.00545 0.03542 0.06267 0.08447 0.00817 0.05450 0.11717 0.04087 0.02725 0.02725 0.05722 0.04905 0.05177 0.00000 0.02725 0.09809
Physcomitrella_patens_chloro_2 0.10298 0.04878 0.03252 0.05691 0.00271 0.03794 0.07046 0.08672 0.00813 0.05691 0.10569 0.04065 0.03523 0.02981 0.05420 0.04878 0.06504 0.00000 0.02710 0.08943
Volvox_carteri_chloro_2        0.09119 0.05031 0.02830 0.05975 0.00629 0.03145 0.07233 0.09119 0.00943 0.05660 0.10692 0.04403 0.03459 0.03459 0.05660 0.05031 0.05660 0.00000 0.02830 0.09119
Oryza_sativa_chloro_2          0.09485 0.05962 0.03252 0.05420 0.00271 0.03252 0.07317 0.09214 0.00813 0.06233 0.10840 0.03523 0.02981 0.02981 0.05420 0.05149 0.06233 0.00000 0.02981 0.08672
Lokiarchaeum_sp._GC14_75_2     0.04904 0.03412 0.04051 0.05330 0.01066 0.04051 0.07676 0.07249 0.01919 0.11301 0.11301 0.06823 0.01493 0.04478 0.04691 0.06823 0.04904 0.01066 0.02772 0.04691
Elphidium_margaritaceum_2      0.07643 0.05732 0.02972 0.04671 0.01911 0.03609 0.06157 0.07431 0.01274 0.07431 0.10191 0.04883 0.02548 0.03397 0.04671 0.06582 0.07006 0.00425 0.03185 0.08280
Reticulomyxa_filosa_2          0.07643 0.06369 0.03185 0.04671 0.01699 0.03609 0.07006 0.07431 0.01062 0.07219 0.09554 0.04671 0.02972 0.03397 0.04883 0.06157 0.06369 0.00637 0.02548 0.08917
Cyanidioschyzon_merolae_2      0.08779 0.07709 0.02141 0.05353 0.01285 0.02570 0.06210 0.07281 0.00214 0.05782 0.09208 0.02355 0.03640 0.02784 0.05996 0.08565 0.06638 0.01285 0.02355 0.09850
Ectocarpus_siliculosus_2       0.07431 0.05732 0.02548 0.05308 0.01699 0.03822 0.07643 0.08493 0.00849 0.06369 0.08917 0.03822 0.02548 0.03609 0.05096 0.07219 0.06582 0.00849 0.02548 0.08917
Thalassiosira_pseudonana_2     0.06582 0.05096 0.02760 0.04671 0.01274 0.03822 0.06794 0.08705 0.01274 0.06794 0.09342 0.04034 0.02972 0.03185 0.05308 0.07219 0.06369 0.00637 0.03397 0.09766
Bodo_saltans_2                 0.07036 0.05970 0.03198 0.04478 0.01066 0.03412 0.07889 0.07889 0.00853 0.07249 0.09808 0.03625 0.02772 0.02559 0.05117 0.07676 0.05970 0.00853 0.03412 0.09168
Leishmania_major_2             0.07249 0.05757 0.03838 0.04904 0.01279 0.04691 0.06823 0.07676 0.00640 0.06823 0.09595 0.02985 0.02985 0.02559 0.04904 0.07889 0.05544 0.00853 0.03412 0.09595
Chondrus_crispus_2             0.10256 0.04701 0.02350 0.04915 0.00855 0.03632 0.07479 0.07265 0.00855 0.07265 0.08974 0.04274 0.02991 0.03419 0.05128 0.07265 0.06624 0.00855 0.02564 0.08333
Galdieria_sulphuraria_2        0.08120 0.04915 0.02991 0.05556 0.01068 0.03419 0.06838 0.07692 0.00641 0.06838 0.09829 0.04915 0.03419 0.02991 0.06197 0.07265 0.05342 0.00641 0.03205 0.08120
Bathycoccus_prasinos_2         0.08955 0.04691 0.03198 0.04691 0.01279 0.04478 0.07889 0.07463 0.00853 0.07036 0.09382 0.04904 0.02772 0.03625 0.05330 0.06183 0.05757 0.00640 0.03198 0.07676
Volvox_carteri_2               0.08974 0.05983 0.02564 0.04701 0.01282 0.03846 0.07265 0.07906 0.01068 0.07051 0.09402 0.04487 0.02564 0.03419 0.04915 0.06410 0.05342 0.00641 0.03419 0.08761
Physcomitrella_patens_2        0.09829 0.05556 0.02991 0.05342 0.01068 0.03419 0.07051 0.08120 0.00855 0.07051 0.10684 0.04701 0.02564 0.02778 0.04915 0.05342 0.05983 0.00641 0.03632 0.07479
Arabidopsis_thaliana_2         0.09615 0.05128 0.03419 0.05556 0.01068 0.02778 0.05983 0.07479 0.01068 0.06410 0.10684 0.04487 0.02778 0.02778 0.05128 0.06838 0.06624 0.00641 0.03846 0.07692
Oryza_sativa_2                 0.09188 0.05128 0.02778 0.05983 0.00855 0.03419 0.05556 0.07692 0.01068 0.06410 0.10684 0.04701 0.02778 0.02778 0.04915 0.07265 0.06410 0.00641 0.03632 0.08120
Saccharomyces_cerevisiae_2     0.07906 0.04487 0.02564 0.04701 0.01068 0.03419 0.07051 0.08120 0.01068 0.06838 0.09402 0.05342 0.02564 0.03205 0.05342 0.07906 0.07265 0.00855 0.03419 0.07479
Dictyostelium_discoideum_2     0.08120 0.05342 0.04487 0.04060 0.01282 0.04060 0.06838 0.07906 0.01282 0.08547 0.08974 0.03205 0.03419 0.03205 0.05769 0.05556 0.07051 0.00855 0.02350 0.07692
Polysphondylium_pallidum_2     0.08120 0.05983 0.03419 0.04487 0.01496 0.03632 0.07051 0.08120 0.01282 0.07692 0.09402 0.04060 0.03205 0.03205 0.05769 0.05342 0.05983 0.01068 0.02350 0.08333
Agaricus_bisporus_2            0.07036 0.04691 0.03198 0.04904 0.00853 0.04264 0.06610 0.08316 0.01066 0.07249 0.08529 0.05970 0.03198 0.03412 0.05117 0.06823 0.06610 0.00640 0.02772 0.08742
Batrachochytrium_dendrobatidis_2 0.07906 0.04701 0.02778 0.05769 0.01282 0.03419 0.06410 0.07479 0.00641 0.07265 0.09615 0.05769 0.02991 0.02991 0.05342 0.07265 0.06197 0.00855 0.03419 0.07906
Amphimedon_queenslandica_2     0.06624 0.05769 0.03205 0.05128 0.01068 0.03419 0.07265 0.07906 0.01068 0.07051 0.08974 0.04915 0.02564 0.02991 0.04701 0.07692 0.05983 0.00855 0.03205 0.09615
Hydra_vulgaris_2               0.07036 0.05544 0.02559 0.05117 0.01279 0.03412 0.06610 0.07889 0.01066 0.07249 0.09168 0.04904 0.02985 0.02345 0.05330 0.08742 0.06183 0.00853 0.03198 0.08529
Homo_sapiens_2                 0.07906 0.05556 0.02350 0.04915 0.00855 0.03205 0.06838 0.08120 0.00855 0.07051 0.09402 0.04487 0.03419 0.02564 0.05128 0.08761 0.06197 0.00855 0.03205 0.08333
Limulus_polyphemus_2           0.06410 0.04915 0.02778 0.04487 0.01282 0.03632 0.07479 0.08120 0.00855 0.06624 0.08974 0.05128 0.03632 0.02778 0.05342 0.07692 0.07051 0.01068 0.03205 0.08547
Thermofilum_pendens_2          0.06681 0.06897 0.01509 0.04957 0.00216 0.02155 0.09052 0.08621 0.01078 0.07759 0.08621 0.05388 0.02586 0.03017 0.06250 0.05172 0.04741 0.00647 0.03448 0.11207
Pyrobaculum_aerophilum_2       0.08994 0.07066 0.01499 0.04283 0.00214 0.01285 0.09208 0.07709 0.00857 0.05782 0.08779 0.05567 0.02355 0.03854 0.06852 0.04497 0.05996 0.01285 0.04069 0.09850
Caldivirga_maquilingensis_2    0.08798 0.07511 0.02146 0.04936 0.00215 0.01931 0.07940 0.08155 0.01073 0.08584 0.09657 0.04292 0.02575 0.03648 0.06009 0.05150 0.04936 0.01502 0.03433 0.07511
Korarchaeum_cryptofilum_2      0.08137 0.06638 0.01499 0.04711 0.00214 0.02141 0.09208 0.08565 0.01713 0.07281 0.10278 0.04925 0.01713 0.03212 0.06424 0.06424 0.04283 0.01071 0.02998 0.08565
Heimdallarchaeota_archaeon_LC_3_2 0.07559 0.05400 0.02808 0.04968 0.00432 0.03240 0.09503 0.06911 0.01512 0.07991 0.08639 0.05400 0.02592 0.03672 0.05616 0.06048 0.06263 0.00864 0.02592 0.07991
Heimdallarchaeota_archaeon_LC_2_2 0.07296 0.04936 0.02575 0.05579 0.00429 0.03433 0.08584 0.08584 0.00858 0.08369 0.08155 0.05794 0.03219 0.03433 0.06009 0.05150 0.05150 0.00644 0.03433 0.08369
Staphylothermus_marinus_2      0.07511 0.06867 0.01931 0.04721 0.00215 0.02575 0.09442 0.08798 0.01073 0.06867 0.09442 0.05150 0.02790 0.03648 0.05794 0.04936 0.04077 0.01073 0.03863 0.09227
Heimdallarchaeota_archaeon_AB_125_2 0.08584 0.06438 0.01288 0.06867 0.00215 0.03433 0.08155 0.08369 0.01502 0.07082 0.09871 0.04077 0.02790 0.04292 0.06223 0.04506 0.05579 0.00858 0.02361 0.07511
Caldiarchaeum_subterraneum_2   0.07495 0.06852 0.02141 0.04711 0.00428 0.01927 0.08779 0.08351 0.01071 0.05567 0.09850 0.04711 0.02570 0.02998 0.06210 0.05139 0.07281 0.01071 0.04283 0.08565
Cenarchaeum_symbiosum_2        0.07296 0.05365 0.01717 0.05579 0.00215 0.02146 0.08369 0.09227 0.01717 0.06652 0.08798 0.05365 0.03648 0.02361 0.05365 0.06652 0.07082 0.00858 0.03648 0.07940
Nitrosopumilus_maritimus_2     0.07940 0.06009 0.02361 0.05579 0.00215 0.02361 0.08369 0.08369 0.01502 0.05794 0.09871 0.04077 0.03219 0.02361 0.05365 0.06652 0.06867 0.00858 0.03648 0.08584
Nitrosoarchaeum_limnia_2       0.07082 0.05365 0.02575 0.05365 0.00429 0.02361 0.07296 0.08584 0.01717 0.06009 0.09871 0.04936 0.02790 0.02361 0.05150 0.07511 0.06867 0.00858 0.03648 0.09227
Hyperthermus_butylicus_2       0.07495 0.06852 0.01927 0.04283 0.00214 0.02570 0.09636 0.08351 0.00857 0.06852 0.10064 0.05567 0.02355 0.02141 0.05353 0.04925 0.06210 0.01285 0.03854 0.09208
Ignicoccus_hospitalis_2        0.08137 0.06638 0.01285 0.05139 0.00214 0.01071 0.09208 0.07066 0.01499 0.06852 0.08779 0.05353 0.02784 0.02570 0.07281 0.06210 0.05567 0.01499 0.03640 0.09208
Thermoplasma_volcanium_2       0.06452 0.07312 0.03011 0.05806 0.00430 0.03441 0.07957 0.06882 0.01075 0.08387 0.07742 0.04946 0.02581 0.02366 0.05161 0.07527 0.05806 0.01075 0.03011 0.09032
Dictyoglomus_turgidum_2        0.07143 0.06061 0.01948 0.04762 0.00649 0.03030 0.09957 0.08009 0.01299 0.06061 0.12121 0.04545 0.02814 0.03247 0.05628 0.05844 0.04113 0.00866 0.03247 0.08658
Thorarchaeota_archaeon_SMTZ1-83_2 0.06438 0.06867 0.01073 0.05150 0.01073 0.03433 0.09442 0.08798 0.00429 0.06223 0.09871 0.04506 0.02575 0.02575 0.05794 0.06223 0.06438 0.00858 0.02790 0.09442
Thorarchaeota_archaeon_AB_25_2 0.06867 0.06652 0.01502 0.04506 0.00858 0.03433 0.10515 0.09013 0.00429 0.07296 0.09442 0.05365 0.02361 0.03004 0.05579 0.05579 0.05794 0.00858 0.02575 0.08369
Methanomassiliicoccus_luminyensis_2 0.07843 0.05447 0.03050 0.05011 0.00218 0.04139 0.08061 0.08497 0.00871 0.05229 0.08715 0.04575 0.04357 0.02832 0.05882 0.05664 0.06318 0.01089 0.03050 0.09150
Odinarchaeota_archaeon_LCB_4_2 0.07511 0.05794 0.02146 0.04292 0.00644 0.03219 0.09657 0.08369 0.00644 0.08798 0.08584 0.06009 0.02361 0.02790 0.06009 0.04506 0.08369 0.01073 0.03004 0.06223
Methanopyrus_kandleri_2        0.07296 0.06652 0.01502 0.05365 0.00644 0.03219 0.13305 0.07725 0.00644 0.06652 0.08798 0.04721 0.02575 0.03004 0.05579 0.03648 0.05579 0.01073 0.02575 0.09442
Methanothermobacter_thermautotrophicus_2 0.08279 0.06318 0.01525 0.05447 0.00654 0.04575 0.09804 0.08061 0.00436 0.08715 0.07190 0.05011 0.03268 0.02397 0.05882 0.05011 0.06536 0.01089 0.02832 0.06972
Methanocaldococcus_jannaschii_2 0.07609 0.05870 0.01739 0.05217 0.00435 0.03696 0.10652 0.08043 0.00870 0.07826 0.07609 0.05217 0.02826 0.03043 0.05870 0.03913 0.06087 0.01087 0.02609 0.09783
