AAML (in paml version 4.10.7, June 2023)  tmp0001.txt
Model: Empirical_F,  (/data/scratch/btx126/LUCAdup_noatp/control_files/lg.dat) dGamma (ncatG=4) ns = 241  ls = 1190


Frequencies..
                                    A      R      N      D      C      Q      E      G      H      I      L      K      M      F      P      S      T      W      Y      V
Acidobacterium_capsulatum_1    0.10320 0.06667 0.02922 0.04932 0.01005 0.03744 0.06941 0.07306 0.02283 0.05388 0.09772 0.04566 0.03562 0.03470 0.04201 0.03379 0.06667 0.01826 0.03288 0.07763
Acidobacterium_capsulatum_2    0.09807 0.07093 0.02452 0.06217 0.00876 0.03327 0.07268 0.06392 0.02627 0.05867 0.09457 0.05166 0.03240 0.04291 0.04028 0.03240 0.06918 0.01751 0.01926 0.08056
Actinomadura_madurae_1         0.09025 0.07293 0.02188 0.07019 0.01003 0.04011 0.06016 0.07840 0.02188 0.04923 0.08933 0.03920 0.02461 0.03829 0.04376 0.02826 0.07019 0.01459 0.02461 0.11212
Actinomadura_madurae_2         0.10475 0.07658 0.01937 0.07746 0.00880 0.02905 0.05722 0.07835 0.02465 0.05282 0.09155 0.02641 0.02641 0.04489 0.04842 0.03873 0.06250 0.02025 0.01585 0.09595
Aeropyrum_pernix_1             0.09386 0.07193 0.02018 0.05965 0.00351 0.02544 0.07193 0.07018 0.02368 0.05263 0.09825 0.05351 0.02105 0.04474 0.04825 0.04386 0.04561 0.02193 0.02544 0.10439
Aeropyrum_pernix_2             0.09389 0.08149 0.02037 0.05757 0.00531 0.01417 0.07440 0.06909 0.01949 0.07263 0.10097 0.06023 0.01949 0.03012 0.04252 0.03632 0.04606 0.02037 0.03454 0.10097
Agaricus_bisporus_1            0.08960 0.05120 0.04000 0.06400 0.01920 0.04320 0.03520 0.07040 0.02240 0.07520 0.08800 0.07200 0.02400 0.04160 0.03040 0.05440 0.06400 0.00960 0.00960 0.09600
Agaricus_bisporus_2            0.09935 0.04104 0.02592 0.06047 0.01728 0.04104 0.04968 0.06263 0.02160 0.06911 0.08855 0.07343 0.01512 0.03024 0.03456 0.06911 0.07127 0.00000 0.01080 0.11879
Agaricus_bisporus_mito_1       0.10230 0.06699 0.03610 0.07141 0.01403 0.04051 0.05817 0.08023 0.03168 0.09789 0.07141 0.05375 0.03168 0.02286 0.02286 0.02727 0.06258 0.00079 0.02286 0.08465
Agaricus_bisporus_mito_2       0.06963 0.05029 0.04642 0.06190 0.02128 0.02515 0.04836 0.05803 0.02901 0.07157 0.10251 0.05609 0.03095 0.05222 0.04642 0.04642 0.05803 0.03288 0.02708 0.06576
Amphimedon_queenslandica_1     0.08672 0.03506 0.03690 0.05351 0.02399 0.03321 0.04797 0.07565 0.02399 0.07011 0.09594 0.06827 0.02583 0.04244 0.02952 0.04797 0.06089 0.00554 0.01476 0.12177
Amphimedon_queenslandica_2     0.08639 0.04752 0.03024 0.05400 0.02808 0.03672 0.06047 0.06263 0.01944 0.08423 0.07559 0.06479 0.03240 0.03240 0.03456 0.05616 0.07343 0.00216 0.01512 0.10367
Amphimedon_queenslandica_mito_1 0.08906 0.04934 0.03610 0.05375 0.00962 0.02727 0.07141 0.08023 0.04051 0.08906 0.10230 0.06699 0.01844 0.01403 0.02727 0.03168 0.07141 0.00079 0.02286 0.09789
Amphimedon_queenslandica_mito_2 0.06008 0.05814 0.04845 0.07171 0.02519 0.01744 0.05039 0.05426 0.02326 0.06008 0.09496 0.06202 0.03295 0.05426 0.04651 0.05039 0.04651 0.03682 0.03295 0.07364
Aquifex_aeolicus_1             0.08071 0.05241 0.02621 0.05451 0.01048 0.03249 0.08491 0.07128 0.01992 0.05975 0.09434 0.09434 0.02201 0.03878 0.04298 0.02201 0.04822 0.01782 0.02830 0.09853
Arabidopsis_thaliana_1         0.07141 0.03610 0.03168 0.05817 0.02727 0.01844 0.04051 0.08465 0.03168 0.07141 0.08023 0.07141 0.04051 0.03168 0.04051 0.04934 0.07582 0.00520 0.01844 0.11554
Arabidopsis_thaliana_2         0.08442 0.05804 0.03431 0.06068 0.02903 0.03167 0.05013 0.05541 0.02376 0.07387 0.07650 0.07650 0.06068 0.02112 0.03958 0.05277 0.05541 0.00530 0.01321 0.09760
Arabidopsis_thaliana_chloro_1  0.10672 0.04492 0.02286 0.06699 0.00962 0.03168 0.07141 0.09347 0.02286 0.07141 0.08465 0.04492 0.02727 0.03168 0.02727 0.01844 0.06699 0.00079 0.02286 0.13320
Arabidopsis_thaliana_mito_1    0.08023 0.04492 0.02727 0.06258 0.00962 0.02727 0.07582 0.09347 0.02727 0.06699 0.08906 0.05817 0.03168 0.04051 0.04051 0.03168 0.04934 0.00079 0.02286 0.11996
Arabidopsis_thaliana_mito_2    0.07543 0.06190 0.03288 0.05996 0.02321 0.01547 0.05803 0.05029 0.02128 0.07350 0.08317 0.05416 0.03288 0.04642 0.05029 0.04449 0.05803 0.04255 0.02901 0.08704
Archaeoglobus_fulgidus_1       0.09709 0.05512 0.01839 0.05774 0.00789 0.02888 0.06823 0.07348 0.03675 0.07086 0.07873 0.06299 0.04462 0.03937 0.04200 0.04987 0.04725 0.00265 0.02101 0.09709
Archaeoglobus_fulgidus_2       0.08230 0.05624 0.02743 0.05213 0.01509 0.01920 0.08230 0.05761 0.02058 0.08916 0.07133 0.06584 0.02606 0.03567 0.04938 0.03429 0.05487 0.02469 0.03978 0.09602
Bathycoccus_prasinos_1         0.07790 0.03717 0.06161 0.05753 0.01681 0.04124 0.05753 0.05753 0.00866 0.07790 0.11048 0.06975 0.01274 0.05346 0.02088 0.06568 0.05346 0.00459 0.01681 0.09826
Bathycoccus_prasinos_2         0.09935 0.04104 0.03672 0.06479 0.02376 0.04320 0.05616 0.05831 0.01512 0.06479 0.07559 0.06911 0.03672 0.03240 0.03240 0.06479 0.07127 0.00000 0.01728 0.09719
Bathycoccus_prasinos_chloro_1  0.07086 0.03150 0.02626 0.06036 0.00789 0.03937 0.08135 0.07348 0.02626 0.06299 0.08135 0.06036 0.03150 0.03150 0.04200 0.06036 0.05249 0.00265 0.02626 0.13120
Bathycoccus_prasinos_chloro_2  0.08047 0.05409 0.03166 0.06596 0.01319 0.02375 0.06069 0.07256 0.01715 0.05541 0.10026 0.06332 0.03166 0.03694 0.05013 0.04881 0.06464 0.02507 0.02507 0.07916
Bathycoccus_prasinos_mito_1    0.09789 0.04492 0.02727 0.06258 0.00962 0.03168 0.07582 0.08465 0.03168 0.05817 0.08465 0.05817 0.03610 0.04492 0.03168 0.03168 0.06258 0.00079 0.01844 0.10672
Bathycoccus_prasinos_mito_2    0.07973 0.05405 0.03514 0.07568 0.01892 0.01892 0.06622 0.05405 0.02432 0.07568 0.06757 0.06486 0.04189 0.05000 0.04189 0.04054 0.05811 0.02973 0.02162 0.08108
Batrachochytrium_dendrobatidis_1 0.08160 0.04480 0.04000 0.06080 0.01760 0.02720 0.03840 0.06880 0.02400 0.07840 0.09760 0.07520 0.02560 0.04320 0.03520 0.05760 0.06080 0.00640 0.01280 0.10400
Batrachochytrium_dendrobatidis_2 0.07775 0.04320 0.02808 0.06047 0.01944 0.03888 0.05400 0.07343 0.01944 0.08855 0.07991 0.06911 0.02808 0.03240 0.02808 0.07127 0.06911 0.00000 0.01296 0.10583
Batrachochytrium_dendrobatidis_mito_1 0.09798 0.06244 0.02182 0.04721 0.01674 0.03198 0.08783 0.07767 0.03705 0.07767 0.08275 0.05228 0.03705 0.02690 0.02690 0.03198 0.07259 0.00151 0.02690 0.08275
Batrachochytrium_dendrobatidis_mito_2 0.07930 0.05609 0.04642 0.05996 0.01741 0.03482 0.05416 0.05803 0.02321 0.06963 0.08124 0.05222 0.04255 0.05416 0.04449 0.03095 0.06190 0.03482 0.02901 0.06963
Bodo_saltans_1                 0.09091 0.04283 0.03671 0.05944 0.01923 0.04108 0.05332 0.06818 0.02360 0.06119 0.07692 0.06294 0.03497 0.04983 0.03759 0.05769 0.05682 0.01311 0.02797 0.08566
Bodo_saltans_2                 0.11231 0.04320 0.02592 0.05184 0.01944 0.05184 0.05616 0.06479 0.01728 0.07559 0.07343 0.07559 0.02592 0.03456 0.03240 0.05616 0.05184 0.00000 0.01296 0.11879
Bodo_saltans_mito_2            0.06371 0.05985 0.03089 0.06178 0.02124 0.03861 0.06178 0.05791 0.02703 0.05405 0.10425 0.03861 0.03475 0.05019 0.04440 0.03475 0.05985 0.03089 0.02896 0.09652
Caldiarchaeum_subterraneum_1   0.10400 0.05120 0.02240 0.06240 0.00000 0.04000 0.05440 0.07040 0.02080 0.08000 0.09440 0.07040 0.02400 0.04160 0.04000 0.04640 0.04960 0.00800 0.02080 0.09920
Caldiarchaeum_subterraneum_2   0.07319 0.06702 0.03175 0.05203 0.00970 0.02116 0.06966 0.05908 0.01940 0.08025 0.09700 0.05908 0.02469 0.03527 0.05379 0.05556 0.06173 0.01499 0.03616 0.07848
Caldisericum_exile_1           0.06688 0.04854 0.04099 0.05286 0.00647 0.02481 0.07875 0.06580 0.02050 0.08846 0.07875 0.07228 0.02589 0.05825 0.03991 0.04207 0.05825 0.01294 0.03776 0.07983
Caldisericum_exile_2           0.05970 0.04565 0.03424 0.07287 0.00615 0.02283 0.06936 0.06409 0.01844 0.08604 0.10272 0.07463 0.02371 0.04917 0.04126 0.04478 0.05531 0.01493 0.03951 0.07463
Caldithrix_abyssi_1            0.08509 0.04758 0.03385 0.05124 0.00457 0.03568 0.07868 0.06587 0.02562 0.07136 0.09607 0.07319 0.02745 0.03934 0.04666 0.02745 0.05215 0.01830 0.03660 0.08326
Caldithrix_abyssi_2            0.08077 0.06058 0.02897 0.06673 0.00263 0.03687 0.06936 0.06585 0.02634 0.08516 0.08165 0.06234 0.03161 0.04741 0.04039 0.04126 0.05004 0.01932 0.03073 0.07199
Caldivirga_maquilingensis_1    0.08531 0.06596 0.03606 0.06508 0.00176 0.01759 0.05541 0.06157 0.02375 0.06596 0.09587 0.06245 0.03078 0.04222 0.03958 0.04398 0.05189 0.01583 0.03430 0.10466
Caldivirga_maquilingensis_2    0.06839 0.05942 0.03251 0.06054 0.00448 0.01682 0.06614 0.05717 0.02578 0.09305 0.08632 0.05381 0.03027 0.03363 0.04933 0.05269 0.05830 0.01906 0.03700 0.09529
Campylobacter_jejuni_1         0.08135 0.03413 0.04200 0.06036 0.00265 0.03675 0.07610 0.07348 0.02626 0.07610 0.07086 0.06823 0.04200 0.03937 0.03150 0.05512 0.05249 0.00002 0.03413 0.09709
Campylobacter_jejuni_2         0.06600 0.04474 0.04698 0.06376 0.01119 0.03020 0.07606 0.06600 0.01902 0.06823 0.09284 0.07494 0.03468 0.04922 0.03132 0.04922 0.05145 0.01230 0.04027 0.07159
Cenarchaeum_symbiosum_1        0.08623 0.05988 0.02874 0.06228 0.00719 0.02754 0.06108 0.08982 0.03473 0.08024 0.07665 0.05988 0.02635 0.04431 0.05150 0.04431 0.06467 0.01078 0.01796 0.06587
Cenarchaeum_symbiosum_2        0.07755 0.06934 0.02464 0.06387 0.01369 0.02372 0.05839 0.07573 0.02464 0.07117 0.09398 0.04927 0.03285 0.03193 0.04288 0.06387 0.06022 0.01551 0.03011 0.07664
Chlamydia_trachomatis_1        0.07836 0.05554 0.03273 0.05880 0.00665 0.03598 0.08488 0.07510 0.01969 0.08488 0.08162 0.06532 0.03273 0.04250 0.03924 0.02947 0.05228 0.00013 0.01643 0.10769
Chlamydia_trachomatis_2        0.07478 0.05134 0.04018 0.07366 0.00446 0.03348 0.06362 0.07031 0.02455 0.06920 0.08705 0.05469 0.03683 0.04576 0.04464 0.04576 0.05357 0.02344 0.02455 0.07812
Chlamydomonas_reinhardtii_1    0.10962 0.06809 0.02064 0.06216 0.02064 0.06216 0.03843 0.05030 0.02064 0.07996 0.07403 0.06809 0.02657 0.05030 0.05030 0.06216 0.05623 0.00284 0.01470 0.06216
Chlamydomonas_reinhardtii_2    0.09873 0.06313 0.03198 0.05868 0.02307 0.03198 0.05868 0.04533 0.02307 0.08093 0.06313 0.04533 0.03643 0.00527 0.04533 0.05868 0.08983 0.00082 0.01862 0.12099
Chlamydomonas_reinhardtii_chloro_1 0.08397 0.04462 0.04462 0.06036 0.01314 0.03675 0.06299 0.07086 0.02888 0.06561 0.09184 0.04987 0.02101 0.02363 0.06299 0.02888 0.07086 0.00265 0.02101 0.11546
Chlamydomonas_reinhardtii_chloro_2 0.07171 0.07171 0.04183 0.04980 0.00598 0.02390 0.06972 0.08366 0.01992 0.05578 0.08964 0.03785 0.02789 0.04582 0.05578 0.03586 0.06773 0.03785 0.03586 0.07171
Chlamydomonas_reinhardtii_mito_1 0.12332 0.04015 0.02264 0.06204 0.01389 0.04453 0.06641 0.08830 0.02702 0.07517 0.05766 0.06204 0.02702 0.03577 0.03140 0.02702 0.06204 0.00076 0.01827 0.11456
Chlamydomonas_reinhardtii_mito_2 0.08084 0.05624 0.03515 0.06678 0.01582 0.02988 0.05272 0.05272 0.02285 0.06503 0.07381 0.04745 0.03339 0.05272 0.06503 0.04569 0.06503 0.02812 0.01933 0.09139
Chlorobium_phaeovibrioides_1   0.08932 0.05249 0.03315 0.05157 0.00460 0.03131 0.07735 0.07090 0.02486 0.06446 0.09853 0.05985 0.03315 0.03867 0.04236 0.04328 0.05617 0.01657 0.02947 0.08195
Chlorobium_phaeovibrioides_2   0.09745 0.06234 0.02897 0.07814 0.00702 0.02283 0.05443 0.07375 0.01668 0.06936 0.09131 0.05443 0.03248 0.03687 0.04390 0.05092 0.05180 0.01668 0.02985 0.08077
Chloroflexus_1                 0.07873 0.06823 0.02888 0.06036 0.01314 0.04462 0.06823 0.07610 0.02363 0.09184 0.07873 0.04462 0.02888 0.02626 0.04462 0.02888 0.05774 0.00789 0.02626 0.10234
Chloroflexus_2                 0.08027 0.07581 0.02676 0.06689 0.00557 0.03456 0.06577 0.06800 0.02341 0.06800 0.08250 0.03567 0.03010 0.04236 0.05351 0.03567 0.06243 0.02341 0.03456 0.08473
Chlorogloeopsis_fritschii_1    0.09698 0.04392 0.03385 0.05947 0.00823 0.04392 0.06496 0.07136 0.01830 0.07228 0.10156 0.05764 0.02470 0.03568 0.04026 0.03660 0.05947 0.01555 0.02928 0.08600
Chlorogloeopsis_fritschii_2    0.07719 0.06053 0.02982 0.06491 0.00614 0.04386 0.06930 0.06930 0.01754 0.06842 0.10000 0.05175 0.02632 0.03246 0.04649 0.04211 0.06316 0.01579 0.03070 0.08421
Chondrus_crispus_1             0.11555 0.05030 0.02064 0.04436 0.01470 0.05623 0.03843 0.05030 0.03843 0.07996 0.07996 0.07996 0.01470 0.05623 0.06216 0.05623 0.06809 0.00284 0.02064 0.05030
Chondrus_crispus_2             0.08178 0.04749 0.03695 0.06068 0.02640 0.02903 0.03695 0.06068 0.02640 0.07123 0.06596 0.06596 0.05804 0.02640 0.04486 0.07387 0.06332 0.00530 0.01585 0.10288
Chondrus_crispus_chloro_1      0.09347 0.04051 0.03168 0.06258 0.00520 0.03610 0.07582 0.08906 0.02727 0.09789 0.07141 0.04934 0.03168 0.03168 0.02286 0.03168 0.07141 0.00079 0.02286 0.10672
Chondrus_crispus_chloro_2      0.05631 0.05631 0.02703 0.06531 0.00901 0.03379 0.06081 0.06982 0.02478 0.07657 0.09234 0.05180 0.03153 0.03829 0.05631 0.04054 0.06081 0.04054 0.03604 0.07207
Chondrus_crispus_mito_2        0.08277 0.06106 0.03664 0.07327 0.01493 0.01764 0.06513 0.06784 0.02442 0.06513 0.08684 0.04478 0.03256 0.04478 0.04342 0.04749 0.05970 0.02442 0.02171 0.08548
Chthonomonas_calidirosea_2     0.09290 0.07187 0.02191 0.06748 0.01227 0.03681 0.06661 0.06486 0.02103 0.07450 0.09728 0.03856 0.02980 0.04119 0.04908 0.02629 0.06573 0.01840 0.02805 0.07537
Cloacimonas_acidaminovorans_1  0.09615 0.03686 0.03365 0.06090 0.00801 0.03205 0.06731 0.07692 0.02083 0.08494 0.08814 0.07692 0.03205 0.03846 0.03846 0.02404 0.06571 0.00160 0.02724 0.08974
Cloacimonas_acidaminovorans_2  0.08186 0.05457 0.03210 0.06902 0.00803 0.03210 0.06260 0.07544 0.01605 0.09149 0.09310 0.07384 0.03371 0.04173 0.03210 0.03531 0.06421 0.00161 0.02568 0.07544
Clostridium_acetobutylicum_1   0.07610 0.04725 0.03675 0.06036 0.01052 0.03413 0.07873 0.07610 0.01839 0.08397 0.07873 0.06561 0.03413 0.03413 0.03413 0.04200 0.05512 0.00265 0.03150 0.09972
Clostridium_acetobutylicum_2   0.07246 0.04459 0.04348 0.07135 0.00892 0.03233 0.07023 0.06243 0.01784 0.08027 0.08138 0.07135 0.04125 0.03679 0.04236 0.03790 0.05574 0.02007 0.03456 0.07469
Cyanidioschyzon_merolae_1      0.12742 0.06503 0.02548 0.05624 0.01582 0.04306 0.04921 0.05536 0.02636 0.05800 0.10105 0.04482 0.01933 0.04482 0.04921 0.04482 0.04833 0.01670 0.02724 0.08172
Cyanidioschyzon_merolae_2      0.09179 0.07407 0.02576 0.05958 0.02254 0.03865 0.06119 0.06280 0.02093 0.05797 0.09179 0.05636 0.03543 0.03704 0.03221 0.05153 0.05797 0.00161 0.01932 0.10145
Cyanidioschyzon_merolae_chloro_1 0.08906 0.04934 0.02727 0.05375 0.00962 0.02286 0.07582 0.08906 0.02727 0.07582 0.06699 0.05375 0.03168 0.03168 0.02727 0.03168 0.07141 0.00079 0.02727 0.13761
Cyanidioschyzon_merolae_chloro_2 0.08851 0.07530 0.01982 0.05680 0.00528 0.03699 0.06473 0.06737 0.01982 0.07398 0.11229 0.04095 0.02642 0.04624 0.04491 0.03567 0.05680 0.02114 0.02510 0.08190
Cyanidioschyzon_merolae_mito_2 0.08378 0.08649 0.02432 0.06081 0.02027 0.03243 0.07297 0.05541 0.03108 0.05811 0.09459 0.02838 0.02973 0.04324 0.04054 0.03784 0.06486 0.02568 0.02297 0.08649
Cyanobium_gracile_1            0.11953 0.07208 0.02099 0.06204 0.00821 0.04015 0.06296 0.07026 0.02281 0.04745 0.11861 0.03923 0.02372 0.03011 0.04288 0.03193 0.05383 0.01825 0.02281 0.09215
Cyanobium_gracile_2            0.10789 0.07105 0.01842 0.06404 0.00614 0.03246 0.07018 0.07982 0.02018 0.05263 0.11228 0.03860 0.02719 0.03596 0.05000 0.04298 0.05614 0.01667 0.01404 0.08333
Cyanophora_paradoxa_1          0.09777 0.06000 0.04222 0.06222 0.01778 0.02222 0.06222 0.06889 0.01778 0.04889 0.10666 0.04889 0.02667 0.05556 0.04667 0.04000 0.05778 0.02222 0.03778 0.05778
Cyanophora_paradoxa_2          0.10208 0.04176 0.03016 0.05800 0.02553 0.03248 0.06728 0.06728 0.01625 0.05800 0.08352 0.07192 0.03248 0.03248 0.03248 0.04872 0.06728 0.00233 0.01857 0.11136
Cylindrospermopsis_raciborskii_1 0.09132 0.04475 0.03653 0.06027 0.00731 0.04932 0.06393 0.07489 0.01826 0.07306 0.10046 0.05571 0.02740 0.03379 0.04018 0.03836 0.05297 0.01553 0.02831 0.08767
Cylindrospermopsis_raciborskii_2 0.08077 0.05707 0.03600 0.06673 0.00702 0.04741 0.06234 0.06585 0.02019 0.06673 0.09921 0.05180 0.02722 0.03424 0.04390 0.04653 0.06234 0.01668 0.02634 0.08165
Desulfurispirillum_indicum_2   0.08619 0.06332 0.02287 0.06684 0.00967 0.03606 0.06772 0.06860 0.02199 0.08004 0.08179 0.05189 0.03342 0.04661 0.03870 0.04573 0.05453 0.01495 0.02990 0.07916
Dictyoglomus_turgidum_1        0.07873 0.04725 0.02888 0.05774 0.00527 0.02888 0.09184 0.07086 0.02626 0.08135 0.09447 0.08135 0.02888 0.03150 0.04462 0.02626 0.04462 0.00789 0.02101 0.10234
Dictyoglomus_turgidum_2        0.05481 0.05481 0.02815 0.06370 0.01185 0.02963 0.06815 0.05778 0.01778 0.09037 0.08889 0.07556 0.03556 0.04148 0.04741 0.04148 0.05185 0.03111 0.04444 0.06519
Dictyostelium_discoideum_1     0.08375 0.04189 0.03142 0.05235 0.01834 0.03927 0.04189 0.06805 0.03142 0.09684 0.07067 0.08637 0.03142 0.04451 0.05235 0.04712 0.05759 0.00526 0.01572 0.08375
Dictyostelium_discoideum_2     0.07123 0.04486 0.03695 0.05541 0.03167 0.03167 0.04749 0.05277 0.02376 0.08705 0.06596 0.07387 0.06068 0.03431 0.04749 0.07914 0.04486 0.00530 0.01321 0.09233
Dictyostelium_discoideum_mito_1 0.07590 0.03404 0.03666 0.04189 0.01049 0.03666 0.07329 0.06544 0.02357 0.10207 0.09160 0.06805 0.02619 0.04189 0.03927 0.07329 0.06020 0.00264 0.02096 0.07590
Dictyostelium_discoideum_mito_2 0.06190 0.05416 0.03095 0.07157 0.02128 0.03288 0.05222 0.05416 0.02515 0.08124 0.07350 0.05416 0.03868 0.04449 0.04255 0.04642 0.06770 0.02901 0.03868 0.07930
Ectocarpus_siliculosus_1       0.09182 0.04436 0.01470 0.05623 0.02064 0.05623 0.04436 0.06216 0.03250 0.06809 0.07996 0.09182 0.02064 0.05030 0.05623 0.06216 0.06216 0.00284 0.02064 0.06216
Ectocarpus_siliculosus_2       0.07648 0.04978 0.02752 0.06313 0.02752 0.03643 0.04978 0.05868 0.02307 0.06758 0.07648 0.04088 0.03198 0.00972 0.04533 0.07648 0.07648 0.00082 0.02307 0.13879
Ectocarpus_siliculosus_chloro_1 0.08660 0.03937 0.03413 0.07086 0.00527 0.03675 0.06036 0.07610 0.02626 0.07086 0.09972 0.06299 0.02888 0.03675 0.03675 0.03937 0.06561 0.00527 0.02101 0.09709
Ectocarpus_siliculosus_mito_2  0.08931 0.06360 0.02842 0.06901 0.02030 0.01624 0.06089 0.06495 0.02436 0.05548 0.08796 0.04736 0.03383 0.04465 0.04330 0.04330 0.06766 0.02300 0.02977 0.08660
Elphidium_margaritaceum_1      0.08894 0.05640 0.04121 0.05965 0.02061 0.04664 0.05098 0.04989 0.02495 0.05423 0.09436 0.07375 0.02820 0.04664 0.03579 0.04989 0.05640 0.01410 0.04121 0.06616
Elphidium_margaritaceum_2      0.09935 0.04536 0.03672 0.05831 0.01728 0.03456 0.06263 0.07127 0.01512 0.07991 0.09503 0.06263 0.02376 0.03240 0.02808 0.05831 0.06695 0.00216 0.01296 0.09719
Elphidium_margaritaceum_mito_2 0.06178 0.05791 0.03089 0.06371 0.02896 0.04054 0.04054 0.05985 0.02510 0.06950 0.09073 0.04633 0.03861 0.04633 0.04247 0.05791 0.06178 0.02896 0.04247 0.06564
Elusimicrobium_minutum_1       0.06808 0.04225 0.04108 0.05516 0.00939 0.02934 0.05986 0.07042 0.02582 0.06573 0.08333 0.08451 0.03404 0.04108 0.04695 0.03991 0.05399 0.01761 0.03638 0.09507
Elusimicrobium_minutum_2       0.08584 0.04794 0.03344 0.06243 0.01226 0.03456 0.06912 0.06020 0.02118 0.08807 0.08138 0.07246 0.02230 0.04125 0.04013 0.04459 0.05797 0.01895 0.03010 0.07581
Fibrobacter_succinogenes_1     0.09249 0.05037 0.04304 0.06044 0.01557 0.02930 0.06227 0.06868 0.02747 0.06136 0.08333 0.06777 0.03388 0.03846 0.04121 0.02839 0.05311 0.01923 0.03755 0.08608
Fibrobacter_succinogenes_2     0.07450 0.05609 0.03856 0.06748 0.00876 0.03418 0.05960 0.06924 0.02717 0.06924 0.08677 0.06223 0.03593 0.04294 0.04207 0.04294 0.05521 0.01578 0.02454 0.08677
Galdieria_sulphuraria_1        0.08974 0.04808 0.03205 0.06891 0.01763 0.04487 0.03686 0.06410 0.02564 0.06891 0.10096 0.07372 0.02404 0.04327 0.04006 0.04808 0.05128 0.00481 0.02244 0.09455
Galdieria_sulphuraria_2        0.08374 0.05153 0.03060 0.05636 0.02415 0.04509 0.05797 0.06119 0.01771 0.06119 0.08696 0.07246 0.03865 0.03382 0.03865 0.06280 0.05314 0.00483 0.01932 0.09984
Galdieria_sulphuraria_chloro_1 0.09347 0.04051 0.04051 0.06258 0.00520 0.03610 0.08465 0.08906 0.02727 0.09789 0.07141 0.04934 0.02727 0.03168 0.02727 0.02727 0.05817 0.00079 0.02286 0.10672
Galdieria_sulphuraria_chloro_2 0.06202 0.06589 0.03295 0.05233 0.01357 0.04070 0.06395 0.05620 0.02713 0.08915 0.10077 0.03101 0.02519 0.04651 0.04651 0.04651 0.04845 0.03876 0.04651 0.06589
Galdieria_sulphuraria_mito_1   0.09347 0.05375 0.01844 0.05817 0.01403 0.02727 0.08023 0.08465 0.02727 0.04934 0.07141 0.06258 0.03168 0.04051 0.02727 0.04492 0.04934 0.00079 0.02286 0.14202
Galdieria_sulphuraria_mito_2   0.07442 0.07307 0.02842 0.06225 0.01488 0.03383 0.06901 0.05954 0.02706 0.07307 0.08796 0.04736 0.02436 0.04736 0.04195 0.04330 0.05683 0.02436 0.02977 0.08119
Gemmatimonas_aurantiaca_2      0.10175 0.07018 0.02281 0.07193 0.00789 0.02807 0.06316 0.07456 0.02368 0.05702 0.08947 0.04123 0.02895 0.04211 0.04298 0.04211 0.05965 0.02193 0.02105 0.08947
Gloeobacter_violaceus_1        0.09698 0.06770 0.02745 0.05672 0.00640 0.03843 0.07411 0.06770 0.01738 0.06221 0.10704 0.05032 0.02196 0.03843 0.04117 0.03660 0.04758 0.01464 0.03202 0.09515
Gloeobacter_violaceus_2        0.09131 0.07463 0.02546 0.07112 0.00351 0.04039 0.06234 0.06936 0.01756 0.05443 0.11238 0.04214 0.02546 0.03775 0.05004 0.03512 0.05882 0.01844 0.02107 0.08867
Haloarcula_marismortui_1       0.08906 0.04492 0.03610 0.08023 0.01403 0.04051 0.06699 0.08465 0.04051 0.06699 0.08023 0.03610 0.02286 0.03610 0.04051 0.03168 0.06258 0.00079 0.00520 0.11996
Haloarcula_marismortui_2       0.08686 0.05568 0.02450 0.09020 0.01225 0.03563 0.09465 0.05234 0.02339 0.06125 0.08797 0.02561 0.02339 0.03675 0.04900 0.05011 0.06236 0.02004 0.02561 0.08241
Heimdallarchaeota_archaeon_AB_125_1 0.08084 0.03691 0.04394 0.06415 0.00879 0.03515 0.05272 0.05800 0.02460 0.08699 0.09315 0.07909 0.02109 0.05360 0.04042 0.05009 0.05185 0.01142 0.03076 0.07645
Heimdallarchaeota_archaeon_AB_125_2 0.06784 0.04405 0.04053 0.05815 0.01233 0.03172 0.06432 0.06608 0.02026 0.09868 0.08899 0.08018 0.02555 0.03965 0.03965 0.06079 0.05374 0.01057 0.02996 0.06696
Heimdallarchaeota_archaeon_LC_2_1 0.07591 0.05171 0.04400 0.06051 0.00770 0.03630 0.06051 0.07041 0.02750 0.07481 0.07591 0.07481 0.03300 0.06051 0.04620 0.04400 0.05391 0.01540 0.02530 0.06161
Heimdallarchaeota_archaeon_LC_2_2 0.08256 0.03247 0.04131 0.06782 0.00890 0.04425 0.04131 0.08550 0.01774 0.10907 0.10318 0.10023 0.03836 0.03542 0.01479 0.04720 0.05899 0.00890 0.00890 0.05309
Heimdallarchaeota_archaeon_LC_3_1 0.07244 0.04152 0.04417 0.05919 0.00618 0.03004 0.05477 0.06449 0.02297 0.09982 0.07509 0.09276 0.01413 0.05300 0.03887 0.05300 0.05300 0.01325 0.03092 0.08039
Heimdallarchaeota_archaeon_LC_3_2 0.06217 0.04378 0.03590 0.06392 0.00613 0.02715 0.06305 0.06217 0.02102 0.10683 0.09807 0.07443 0.03065 0.04378 0.04028 0.06480 0.05779 0.01226 0.02977 0.05604
Homo_sapiens_1                 0.09422 0.03666 0.02881 0.05497 0.01572 0.03927 0.03666 0.07590 0.03142 0.07852 0.07852 0.07590 0.02619 0.03666 0.04451 0.05235 0.06544 0.00787 0.01834 0.10207
Homo_sapiens_2                 0.07203 0.05423 0.03198 0.05868 0.02307 0.02752 0.04978 0.05423 0.02307 0.08983 0.07648 0.04978 0.05423 0.01417 0.04978 0.07203 0.06758 0.00082 0.01417 0.11654
Homo_sapiens_mito_1            0.09789 0.04934 0.04051 0.05817 0.02286 0.01403 0.08023 0.07582 0.04051 0.05817 0.12437 0.04051 0.02727 0.02727 0.03168 0.02286 0.07141 0.00520 0.01844 0.09347
Homo_sapiens_mito_2            0.07171 0.07171 0.02713 0.06008 0.02326 0.03488 0.05039 0.06008 0.02713 0.05233 0.11240 0.03488 0.02519 0.04651 0.04845 0.04845 0.05426 0.03295 0.03101 0.08721
Hydra_vulgaris_1               0.08494 0.04487 0.04327 0.05609 0.02244 0.03846 0.04487 0.06571 0.02564 0.08654 0.09455 0.07853 0.03045 0.03526 0.03526 0.05609 0.05288 0.00481 0.00962 0.08974
Hydra_vulgaris_2               0.09503 0.03888 0.03672 0.05831 0.02808 0.03888 0.05400 0.05831 0.01728 0.08423 0.08639 0.07127 0.02808 0.03240 0.03672 0.06047 0.06479 0.00216 0.01512 0.09287
Hydra_vulgaris_mito_1          0.09347 0.04051 0.04051 0.05375 0.01844 0.02727 0.07582 0.08906 0.03610 0.07141 0.08906 0.05817 0.03610 0.02286 0.03168 0.03168 0.07141 0.00079 0.02286 0.08906
Hydra_vulgaris_mito_2          0.06395 0.05620 0.04264 0.06783 0.02519 0.02132 0.05039 0.05233 0.02907 0.06395 0.08527 0.06395 0.03488 0.05039 0.04070 0.04845 0.05814 0.03295 0.03876 0.07364
Hyperthermus_butylicus_1       0.09587 0.06772 0.02023 0.05541 0.00176 0.02463 0.07036 0.05805 0.02199 0.06948 0.09323 0.06948 0.02814 0.05013 0.04485 0.03606 0.05277 0.01583 0.02551 0.09850
Hyperthermus_butylicus_2       0.08187 0.07570 0.02201 0.05634 0.00352 0.02025 0.07746 0.06690 0.02113 0.08451 0.10211 0.06250 0.02025 0.03433 0.04489 0.03521 0.05282 0.02025 0.03785 0.08011
Ignicoccus_hospitalis_1        0.09306 0.04917 0.02985 0.05707 0.00176 0.01844 0.07112 0.05531 0.02283 0.06497 0.08692 0.08516 0.03073 0.04741 0.04653 0.03600 0.05092 0.01932 0.02897 0.10448
Ignicoccus_hospitalis_2        0.08355 0.05453 0.02639 0.05453 0.00616 0.02111 0.07300 0.05981 0.02375 0.07036 0.09763 0.08619 0.02726 0.03342 0.04222 0.03694 0.05453 0.02463 0.03078 0.09323
Jidaibacter_acanthamoeba_1     0.08532 0.03761 0.04128 0.06789 0.01376 0.03486 0.05596 0.06239 0.02110 0.08073 0.10000 0.08257 0.02661 0.03853 0.03578 0.04495 0.05138 0.01284 0.02936 0.07706
Jidaibacter_acanthamoeba_2     0.09135 0.04167 0.03526 0.07372 0.00641 0.02885 0.06731 0.07372 0.01603 0.07853 0.09776 0.07372 0.03045 0.03846 0.03045 0.05288 0.06571 0.00641 0.01442 0.07692
Jonquetella_anthropi_1         0.09375 0.05515 0.03033 0.05882 0.01471 0.03309 0.06526 0.07353 0.02206 0.05515 0.09559 0.05423 0.03676 0.03585 0.04596 0.03860 0.05515 0.02298 0.02941 0.08364
Jonquetella_anthropi_2         0.08955 0.07287 0.02546 0.06936 0.01054 0.02897 0.06146 0.06760 0.01932 0.05443 0.10097 0.04565 0.02897 0.04214 0.04478 0.04653 0.05619 0.02283 0.02634 0.08604
Korarchaeum_cryptofilum_1      0.09137 0.05222 0.02090 0.06527 0.00524 0.03395 0.05744 0.07310 0.03656 0.09398 0.06266 0.07571 0.02090 0.04439 0.05483 0.03656 0.06527 0.00785 0.01829 0.08354
Korarchaeum_cryptofilum_2      0.07215 0.07441 0.03382 0.05637 0.00676 0.02255 0.07441 0.05862 0.02818 0.08117 0.09245 0.03495 0.03157 0.03833 0.05186 0.04961 0.05299 0.02142 0.03946 0.07892
Kosmotoga_olearia_1            0.07856 0.03789 0.03235 0.05823 0.00832 0.02311 0.08226 0.07024 0.02588 0.08226 0.08503 0.08318 0.02680 0.03604 0.04159 0.03882 0.05176 0.01664 0.03420 0.08688
Kosmotoga_olearia_2            0.07118 0.05536 0.02724 0.07118 0.00615 0.02636 0.07469 0.05975 0.01757 0.08612 0.08172 0.07293 0.03251 0.04394 0.04306 0.04569 0.05360 0.01670 0.02988 0.08436
Latescibacteria_bacterium_1    0.09583 0.06667 0.02500 0.04306 0.01528 0.03333 0.07083 0.07639 0.02778 0.04722 0.10556 0.04861 0.02778 0.03889 0.03611 0.04306 0.05556 0.02083 0.03333 0.08889
Latescibacteria_bacterium_2    0.08840 0.06889 0.02296 0.05970 0.00574 0.02870 0.08152 0.06429 0.02296 0.06315 0.10218 0.04937 0.02641 0.04018 0.03674 0.04707 0.06200 0.01722 0.02181 0.09070
Leishmania_major_1             0.09600 0.04160 0.02720 0.07040 0.01760 0.04160 0.04320 0.07680 0.02720 0.06560 0.08320 0.07360 0.03200 0.03520 0.03840 0.05120 0.05280 0.00800 0.01280 0.10560
Leishmania_major_2             0.09662 0.05314 0.03221 0.06119 0.02738 0.04509 0.05797 0.06119 0.01932 0.06924 0.07407 0.07085 0.04026 0.03865 0.02899 0.05314 0.04670 0.00322 0.01610 0.10467
Leishmania_major_mito_2        0.06395 0.06202 0.02519 0.07558 0.01938 0.02326 0.05233 0.05233 0.03682 0.05233 0.10465 0.04457 0.03488 0.05233 0.05039 0.04845 0.05233 0.03101 0.02907 0.08915
Lentisphaera_araneosa_1        0.09642 0.04408 0.03306 0.06152 0.00826 0.03306 0.05785 0.06703 0.02388 0.07805 0.07989 0.07254 0.03030 0.04408 0.04408 0.03949 0.06336 0.01561 0.03581 0.07163
Lentisphaera_araneosa_2        0.08833 0.03833 0.03833 0.07333 0.01167 0.04000 0.06000 0.07333 0.01833 0.07167 0.08167 0.06000 0.03833 0.04333 0.02667 0.06333 0.06333 0.00667 0.02167 0.08167
Leptolyngbya_valderiana_1      0.09791 0.03852 0.03210 0.06421 0.01124 0.04013 0.07865 0.07544 0.01445 0.07223 0.10915 0.06100 0.02408 0.03050 0.03210 0.03692 0.05939 0.00642 0.01766 0.09791
Limulus_polyphemus_1           0.09107 0.04296 0.03952 0.06014 0.02062 0.03780 0.04983 0.07560 0.02406 0.07216 0.09450 0.07216 0.02234 0.03780 0.03093 0.03780 0.06014 0.00687 0.01375 0.10997
Limulus_polyphemus_2           0.08423 0.03888 0.03240 0.05831 0.02592 0.03888 0.05616 0.06047 0.01944 0.08855 0.08207 0.07559 0.02808 0.03456 0.03240 0.06911 0.05184 0.00216 0.01296 0.10799
Limulus_polyphemus_mito_2      0.05611 0.05611 0.03407 0.06212 0.02004 0.02405 0.05812 0.06012 0.03607 0.07014 0.08417 0.05812 0.03206 0.05812 0.04208 0.04008 0.05611 0.03206 0.02806 0.09218
Lokiarchaeum_sp._GC14_75_1     0.08135 0.03150 0.03413 0.06036 0.01052 0.04725 0.05249 0.06561 0.03150 0.08922 0.08135 0.09972 0.02363 0.04200 0.03675 0.04200 0.06823 0.00789 0.01576 0.07873
Lokiarchaeum_sp._GC14_75_2     0.07582 0.05375 0.02286 0.08023 0.00520 0.01403 0.07582 0.06699 0.02727 0.09347 0.11113 0.04492 0.01403 0.04051 0.05375 0.06699 0.06699 0.00520 0.01844 0.06258
Melainabacteria_bacterium_1    0.08417 0.04280 0.03994 0.07133 0.01141 0.02710 0.05563 0.06419 0.02282 0.05991 0.07989 0.08417 0.02996 0.04137 0.03709 0.03566 0.06562 0.01997 0.03424 0.09272
Melainabacteria_bacterium_2    0.06107 0.05453 0.04035 0.07525 0.01309 0.03162 0.06216 0.06434 0.01963 0.08288 0.10033 0.06543 0.03162 0.03817 0.03817 0.03926 0.06325 0.01745 0.03272 0.06870
Methanocaldococcus_jannaschii_1 0.08114 0.04189 0.02357 0.06282 0.01049 0.03404 0.06020 0.06544 0.02881 0.08375 0.06805 0.09684 0.03927 0.03927 0.04451 0.03927 0.06020 0.00264 0.01572 0.10207
Methanocaldococcus_jannaschii_2 0.07432 0.05518 0.03378 0.06869 0.01689 0.02027 0.07207 0.05405 0.02140 0.10586 0.07995 0.07995 0.02590 0.03941 0.04392 0.03266 0.04505 0.01914 0.03041 0.08108
Methanomassiliicoccus_luminyensis_1 0.09604 0.05110 0.02819 0.06344 0.00881 0.03524 0.05286 0.06696 0.02379 0.07048 0.08018 0.07048 0.03436 0.04405 0.04493 0.04758 0.05463 0.01586 0.02907 0.08194
Methanomassiliicoccus_luminyensis_2 0.08509 0.05439 0.02193 0.06491 0.01404 0.02982 0.05702 0.06404 0.02456 0.07456 0.09561 0.07018 0.02719 0.03421 0.04035 0.04737 0.05439 0.01842 0.03158 0.09035
Methanopyrus_kandleri_1        0.09436 0.05820 0.02116 0.06437 0.00970 0.02028 0.10141 0.06966 0.02734 0.05203 0.09788 0.04674 0.02205 0.04586 0.04586 0.02910 0.05203 0.01587 0.02469 0.10141
Methanopyrus_kandleri_2        0.08753 0.06985 0.01768 0.07427 0.01149 0.01945 0.09549 0.06278 0.02299 0.06454 0.09107 0.05305 0.02918 0.02564 0.04421 0.02476 0.04775 0.01680 0.02918 0.11229
Methanosarcina_mazei_1         0.08443 0.04749 0.03342 0.05981 0.01143 0.03342 0.05981 0.07036 0.02902 0.06684 0.08531 0.07036 0.03342 0.04837 0.04573 0.05101 0.04837 0.01495 0.02551 0.08091
Methanosarcina_mazei_2         0.08837 0.05140 0.02795 0.06402 0.00992 0.03427 0.07394 0.06492 0.02525 0.07574 0.08206 0.05861 0.03427 0.03607 0.03968 0.04599 0.05861 0.01713 0.02615 0.08566
Methanothermobacter_thermautotrophicus_1 0.09394 0.06760 0.02634 0.06848 0.00966 0.02546 0.07638 0.07112 0.02546 0.07463 0.07726 0.05268 0.03951 0.05004 0.04126 0.03161 0.04478 0.01756 0.01932 0.08692
Methanothermobacter_thermautotrophicus_2 0.07835 0.06426 0.02817 0.06338 0.01320 0.02553 0.08011 0.07042 0.01849 0.07923 0.09155 0.05634 0.02817 0.03521 0.04313 0.03873 0.05018 0.01673 0.02465 0.09419
Nitrosoarchaeum_limnia_1       0.08828 0.03531 0.04494 0.06100 0.00642 0.03371 0.05297 0.06902 0.02568 0.09149 0.08828 0.08507 0.02408 0.04976 0.03371 0.06260 0.06581 0.00321 0.01445 0.06421
Nitrosoarchaeum_limnia_2       0.05996 0.04674 0.04321 0.05291 0.01058 0.03263 0.07231 0.05996 0.02116 0.10141 0.08377 0.07672 0.03086 0.03616 0.03880 0.05467 0.06437 0.01499 0.03175 0.06702
Nitrosopumilus_maritimus_1     0.08922 0.03675 0.04462 0.05249 0.00527 0.02888 0.06561 0.07348 0.03413 0.08922 0.07348 0.09709 0.03413 0.04462 0.04200 0.03413 0.06823 0.00527 0.01314 0.06823
Nitrosopumilus_maritimus_2     0.05838 0.04491 0.03593 0.05389 0.01198 0.01946 0.06437 0.04790 0.02695 0.09281 0.08383 0.08683 0.03144 0.04491 0.04341 0.06437 0.06587 0.02695 0.04341 0.05240
Odinarchaeota_archaeon_LCB_4_1 0.08370 0.04581 0.03524 0.05991 0.01057 0.02555 0.05991 0.05903 0.02379 0.08546 0.08987 0.08722 0.02026 0.04934 0.04405 0.03877 0.05374 0.01674 0.02907 0.08194
Odinarchaeota_archaeon_LCB_4_2 0.07030 0.04833 0.04042 0.04833 0.01318 0.02900 0.06678 0.05624 0.01670 0.10545 0.11336 0.07645 0.01845 0.03691 0.04042 0.05975 0.05800 0.01494 0.02900 0.05800
Oryza_sativa_1                 0.08798 0.04936 0.03863 0.05794 0.01502 0.03219 0.06223 0.06652 0.01717 0.06438 0.11373 0.07725 0.02575 0.02575 0.02790 0.05150 0.05794 0.00215 0.01073 0.11588
Oryza_sativa_2                 0.09662 0.04992 0.03060 0.05958 0.02738 0.04992 0.04831 0.05958 0.01932 0.07568 0.06924 0.07407 0.04831 0.04026 0.03382 0.05797 0.04831 0.00322 0.01288 0.09501
Oryza_sativa_chloro_1          0.09347 0.04492 0.02727 0.08465 0.00962 0.03168 0.05375 0.08906 0.02286 0.06699 0.06699 0.05817 0.03610 0.03168 0.03168 0.02286 0.07141 0.00079 0.02286 0.13320
Oryza_sativa_chloro_2          0.10274 0.04959 0.02506 0.05777 0.00871 0.03733 0.05777 0.07821 0.00053 0.07003 0.11092 0.08230 0.04141 0.02097 0.03324 0.04959 0.05368 0.00462 0.01688 0.09865
Oryza_sativa_mito_1            0.09347 0.04051 0.02286 0.06699 0.00962 0.02727 0.07141 0.09789 0.03168 0.04934 0.08906 0.05375 0.02286 0.04051 0.03610 0.04492 0.05817 0.00079 0.02286 0.11996
Oryza_sativa_mito_2            0.07859 0.05962 0.03523 0.07182 0.01491 0.02033 0.05556 0.05691 0.02168 0.08401 0.08266 0.04878 0.02575 0.04065 0.05014 0.04878 0.06098 0.03117 0.02981 0.08266
Oscillochloris_trichoides_1    0.09806 0.06639 0.02860 0.05924 0.00409 0.03371 0.06742 0.07150 0.02043 0.07661 0.08376 0.04699 0.02962 0.03269 0.04597 0.03166 0.05924 0.02145 0.03575 0.08682
Oscillochloris_trichoides_2    0.07469 0.06415 0.02724 0.06591 0.00615 0.04130 0.06415 0.06854 0.02285 0.06766 0.09754 0.04569 0.02988 0.03603 0.04921 0.03866 0.06766 0.01845 0.02724 0.08699
Paramecium_tetraurelia_1       0.07316 0.04336 0.02441 0.05420 0.02441 0.04336 0.05420 0.07587 0.03253 0.07316 0.08399 0.07587 0.03253 0.02982 0.04878 0.04066 0.06774 0.00545 0.02982 0.08670
Paramecium_tetraurelia_2       0.07123 0.04486 0.04222 0.06596 0.02640 0.03958 0.04486 0.06068 0.02640 0.08178 0.07123 0.07123 0.05277 0.02903 0.04486 0.05541 0.04749 0.00530 0.01848 0.10024
Physcomitrella_patens_1        0.09135 0.04647 0.04167 0.06731 0.02724 0.03526 0.04006 0.06571 0.02404 0.07051 0.08974 0.08173 0.04006 0.03526 0.03365 0.04327 0.05449 0.00641 0.01923 0.08654
Physcomitrella_patens_2        0.09598 0.05134 0.03125 0.06473 0.02679 0.03572 0.04911 0.06250 0.02679 0.07366 0.07143 0.07143 0.04911 0.04018 0.03572 0.05357 0.06027 0.00447 0.01116 0.08482
Physcomitrella_patens_chloro_1 0.11383 0.04171 0.04171 0.05613 0.01285 0.04171 0.04171 0.14990 0.04171 0.07056 0.02728 0.03449 0.04171 0.02728 0.02728 0.01285 0.06334 0.00564 0.02007 0.12826
Physcomitrella_patens_chloro_2 0.07692 0.05570 0.03050 0.06366 0.00531 0.02653 0.06366 0.07029 0.01459 0.05438 0.10345 0.05703 0.03050 0.04509 0.04642 0.04775 0.05968 0.02918 0.02785 0.09151
Physcomitrella_patens_mito_1   0.08906 0.04492 0.02286 0.05375 0.00962 0.04934 0.08465 0.08906 0.02727 0.05817 0.08906 0.05375 0.02286 0.04492 0.04051 0.02727 0.04934 0.00079 0.02286 0.11996
Physcomitrella_patens_mito_2   0.07984 0.06089 0.03518 0.07172 0.01624 0.02165 0.06225 0.05819 0.02165 0.06901 0.08660 0.04871 0.02436 0.04601 0.04736 0.04330 0.06225 0.03112 0.02165 0.09202
Polysphondylium_pallidum_1     0.08539 0.03873 0.04137 0.06074 0.01320 0.04489 0.04930 0.06338 0.02377 0.07746 0.08715 0.07923 0.02729 0.04665 0.03961 0.04842 0.05986 0.01232 0.02993 0.07130
Polysphondylium_pallidum_2     0.07890 0.03865 0.04026 0.06280 0.01932 0.03221 0.05314 0.05958 0.01771 0.08696 0.07407 0.08535 0.04187 0.04026 0.03221 0.07085 0.04831 0.00483 0.01288 0.09984
Polysphondylium_pallidum_mito_1 0.07067 0.04189 0.04451 0.05235 0.01311 0.03927 0.06020 0.07067 0.02619 0.10469 0.08637 0.06544 0.02881 0.02881 0.03927 0.04974 0.06544 0.00264 0.02357 0.08637
Polysphondylium_pallidum_mito_2 0.06576 0.06383 0.03868 0.06963 0.02515 0.03675 0.05416 0.04642 0.02515 0.07930 0.08317 0.04642 0.03675 0.05609 0.03675 0.04255 0.06383 0.03095 0.02901 0.06963
Pseudanabaena_biceps_1         0.09776 0.03846 0.03526 0.06571 0.00641 0.03686 0.07212 0.07532 0.01763 0.07853 0.10897 0.06731 0.02244 0.02724 0.03365 0.04808 0.05609 0.00641 0.01603 0.08974
Pseudanabaena_biceps_2         0.07902 0.05970 0.02546 0.06848 0.00527 0.04302 0.06409 0.06409 0.01844 0.07112 0.10448 0.05356 0.02809 0.03775 0.04478 0.04390 0.06234 0.01668 0.02809 0.08165
Pyrobaculum_aerophilum_1       0.08041 0.06252 0.02078 0.05060 0.01482 0.02078 0.06848 0.05060 0.02675 0.06848 0.07445 0.10426 0.02675 0.05656 0.03867 0.05656 0.07445 0.02078 0.03271 0.05060
Pyrobaculum_aerophilum_2       0.07727 0.06686 0.02229 0.05498 0.00594 0.02229 0.05795 0.05052 0.03269 0.09064 0.09658 0.06241 0.01932 0.04458 0.06092 0.04458 0.04903 0.02675 0.04012 0.07429
Pyrococcus_furiosus_1          0.09709 0.04725 0.02363 0.05512 0.00265 0.03413 0.06036 0.06561 0.03675 0.10759 0.06561 0.08397 0.02626 0.04462 0.05249 0.02888 0.06299 0.01052 0.01839 0.07610
Pyrococcus_furiosus_2          0.07718 0.05369 0.03132 0.06040 0.00895 0.02349 0.07271 0.05257 0.03132 0.09284 0.08725 0.06823 0.02908 0.03468 0.05034 0.03132 0.04586 0.02461 0.04027 0.08389
Reticulomyxa_filosa_1          0.09187 0.05675 0.03784 0.05405 0.02164 0.04325 0.03784 0.05675 0.02704 0.08917 0.09727 0.07836 0.02704 0.03244 0.03514 0.06486 0.04595 0.00003 0.02704 0.07566
Reticulomyxa_filosa_2          0.08330 0.05021 0.03780 0.04607 0.01298 0.05021 0.08330 0.07089 0.01298 0.08744 0.09985 0.07503 0.01298 0.03780 0.01298 0.05021 0.06675 0.00470 0.01298 0.09158
Reticulomyxa_filosa_mito_2     0.04302 0.04302 0.07405 0.04819 0.02750 0.02750 0.05853 0.03784 0.03267 0.08440 0.12578 0.05853 0.02233 0.04819 0.03784 0.06888 0.03784 0.01715 0.03784 0.06888
Rhodopirellula_baltica_1       0.07832 0.05744 0.02351 0.05483 0.01568 0.02612 0.07832 0.09137 0.02351 0.06005 0.08354 0.06527 0.02873 0.03917 0.04178 0.03395 0.05744 0.00263 0.02873 0.10964
Rhodopirellula_baltica_2       0.08361 0.06466 0.03010 0.06912 0.00780 0.04236 0.05240 0.07246 0.02341 0.06577 0.08473 0.04794 0.02899 0.05128 0.05240 0.04125 0.06243 0.02118 0.02341 0.07469
Rhodopseudomonas_palustris_1   0.09447 0.05512 0.03675 0.06036 0.01314 0.02888 0.06561 0.07348 0.02363 0.06823 0.08135 0.06036 0.03675 0.03413 0.03937 0.04200 0.04987 0.00265 0.02626 0.10759
Rhodopseudomonas_palustris_2   0.09131 0.06793 0.03007 0.07238 0.00891 0.02784 0.06236 0.07127 0.02450 0.06682 0.08686 0.04566 0.02895 0.03675 0.04566 0.03898 0.06459 0.02561 0.02895 0.07461
Rickettsia_bellii_1            0.06884 0.04201 0.04551 0.05601 0.01050 0.04317 0.07351 0.05834 0.02800 0.07468 0.08518 0.07001 0.03267 0.05484 0.03617 0.05018 0.04434 0.01167 0.02800 0.08635
Rickettsia_bellii_2            0.08974 0.03846 0.03846 0.07212 0.00801 0.03846 0.06571 0.06891 0.01282 0.08173 0.09615 0.07532 0.03365 0.03846 0.02885 0.05609 0.06891 0.00481 0.02083 0.06250
Roseobacter_litoralis_1        0.10950 0.05520 0.02986 0.06606 0.00814 0.03801 0.05339 0.07330 0.02172 0.05973 0.08326 0.04977 0.04163 0.04615 0.03891 0.04434 0.05701 0.01176 0.02262 0.08959
Roseobacter_litoralis_2        0.10097 0.05531 0.02897 0.07638 0.00527 0.02985 0.06058 0.07463 0.01932 0.07024 0.08780 0.05092 0.03863 0.04039 0.04039 0.04039 0.06409 0.02195 0.02195 0.07199
Saccharomyces_cerevisiae_1     0.08114 0.04712 0.03666 0.04974 0.02096 0.04189 0.04189 0.07590 0.02881 0.07852 0.06544 0.07329 0.02619 0.05235 0.04189 0.05235 0.06544 0.00787 0.00526 0.10730
Saccharomyces_cerevisiae_mito_2 0.05803 0.04642 0.03868 0.05803 0.01547 0.02901 0.06190 0.05416 0.02708 0.08897 0.09091 0.06963 0.01741 0.05416 0.04255 0.05609 0.06576 0.02901 0.03288 0.06383
