AAML (in paml version 4.10.7, June 2023)  tmp0001.txt
Model: Empirical_F,  (/data/scratch/btx126/LUCAdup_nosrp/control_files/lg.dat) dGamma (ncatG=4) ns = 246  ls = 1428


Frequencies..
                                    A      R      N      D      C      Q      E      G      H      I      L      K      M      F      P      S      T      W      Y      V
Acidobacterium_capsulatum_1    0.09918 0.06768 0.03384 0.04551 0.01167 0.03617 0.07001 0.06768 0.02567 0.05601 0.09218 0.04551 0.03851 0.03501 0.04784 0.03267 0.06068 0.02217 0.03967 0.07235
Acidobacterium_capsulatum_2    0.09471 0.06472 0.02052 0.05998 0.00868 0.03946 0.07419 0.07103 0.02368 0.05841 0.08840 0.04736 0.03236 0.04183 0.04657 0.03552 0.06946 0.01579 0.02289 0.08445
Actinomadura_madurae_1         0.09261 0.07392 0.02518 0.06011 0.00975 0.03899 0.06093 0.08286 0.02193 0.05849 0.08855 0.04062 0.02275 0.03737 0.04712 0.04062 0.06418 0.01300 0.02924 0.09180
Actinomadura_madurae_2         0.09810 0.07120 0.02136 0.07595 0.00870 0.02769 0.06250 0.07911 0.02453 0.05775 0.08861 0.02927 0.02690 0.04193 0.05301 0.04193 0.06329 0.01978 0.01978 0.08861
Aeropyrum_pernix_1             0.08797 0.07684 0.02116 0.05234 0.00334 0.02561 0.07350 0.06904 0.02561 0.05234 0.09020 0.05122 0.02450 0.05122 0.05122 0.04677 0.04454 0.02784 0.02673 0.09800
Aeropyrum_pernix_2             0.08979 0.08081 0.02357 0.06061 0.00673 0.01347 0.07183 0.05948 0.02245 0.07295 0.10213 0.05612 0.01796 0.03143 0.04714 0.03704 0.04489 0.02469 0.03591 0.10101
Agaricus_bisporus_1            0.08366 0.05359 0.04052 0.06144 0.01176 0.04314 0.04575 0.07843 0.02353 0.08105 0.07974 0.05752 0.02614 0.04183 0.04967 0.05752 0.06013 0.00392 0.02092 0.07974
Agaricus_bisporus_2            0.07681 0.04493 0.03043 0.05217 0.01304 0.03768 0.06377 0.07391 0.01449 0.07681 0.08261 0.05942 0.02609 0.02754 0.05072 0.06957 0.06957 0.00435 0.02464 0.10145
Agaricus_bisporus_mito_1       0.10535 0.07191 0.03177 0.06187 0.00836 0.03846 0.05686 0.09866 0.01672 0.08361 0.08863 0.05017 0.02843 0.02676 0.03512 0.04181 0.05184 0.00335 0.02341 0.07692
Agaricus_bisporus_mito_2       0.07910 0.04972 0.03616 0.06441 0.01243 0.02938 0.05650 0.07232 0.02260 0.07345 0.10056 0.05537 0.02825 0.04068 0.05198 0.04633 0.05989 0.01921 0.02486 0.07684
Amphimedon_queenslandica_1     0.07808 0.05105 0.03754 0.05556 0.01502 0.03604 0.05706 0.07958 0.02553 0.08108 0.08559 0.05105 0.02853 0.04204 0.04805 0.04955 0.06006 0.00450 0.02402 0.09009
Amphimedon_queenslandica_2     0.06967 0.05660 0.03048 0.05370 0.01742 0.02903 0.06676 0.07257 0.01451 0.07402 0.07983 0.04935 0.03193 0.02758 0.04790 0.07257 0.06676 0.00581 0.02758 0.10595
Amphimedon_queenslandica_mito_1 0.09532 0.06187 0.03345 0.06020 0.00502 0.04013 0.05518 0.09364 0.01840 0.07692 0.10033 0.05686 0.02341 0.02174 0.03512 0.04348 0.05853 0.00000 0.03010 0.09030
Amphimedon_queenslandica_mito_2 0.07353 0.05543 0.03846 0.07240 0.01584 0.02262 0.05656 0.07240 0.01923 0.06787 0.09729 0.05430 0.03054 0.04072 0.04977 0.04638 0.05317 0.02149 0.03054 0.08145
Aquifex_aeolicus_1             0.08387 0.06083 0.02857 0.05438 0.00922 0.03594 0.07834 0.07650 0.01935 0.07005 0.09217 0.07189 0.02304 0.03963 0.04793 0.02949 0.04608 0.01475 0.03226 0.08571
Arabidopsis_thaliana_1         0.06949 0.05085 0.03729 0.05593 0.01187 0.03220 0.05932 0.07966 0.02203 0.08305 0.08813 0.05085 0.03390 0.03390 0.05254 0.05593 0.06780 0.00170 0.02881 0.08474
Arabidopsis_thaliana_2         0.09091 0.05431 0.03424 0.05785 0.01889 0.02952 0.05549 0.06612 0.01653 0.06848 0.09327 0.05903 0.04250 0.02479 0.04604 0.06139 0.06139 0.00590 0.02715 0.08619
Arabidopsis_thaliana_chloro_1  0.10569 0.04502 0.02335 0.06669 0.01034 0.03201 0.07102 0.09269 0.02335 0.07102 0.08402 0.04502 0.02768 0.03201 0.02768 0.01901 0.06669 0.00168 0.02335 0.13170
Arabidopsis_thaliana_mito_1    0.07969 0.04502 0.02768 0.06235 0.01034 0.02768 0.07535 0.09269 0.02768 0.06669 0.08836 0.05802 0.03201 0.04068 0.04068 0.03201 0.04935 0.00168 0.02335 0.11869
Arabidopsis_thaliana_mito_2    0.08239 0.05982 0.03386 0.05982 0.01467 0.02370 0.06321 0.06772 0.01919 0.07449 0.09481 0.04966 0.02822 0.03499 0.05079 0.04515 0.05756 0.02483 0.02822 0.08691
Archaeoglobus_fulgidus_1       0.08742 0.06623 0.02119 0.05298 0.00662 0.03179 0.08344 0.08212 0.02517 0.07285 0.08742 0.04768 0.03841 0.03576 0.05166 0.04238 0.05430 0.00265 0.02781 0.08212
Archaeoglobus_fulgidus_2       0.08355 0.05968 0.02643 0.04859 0.01108 0.02643 0.09122 0.06479 0.01535 0.07758 0.07758 0.06479 0.02472 0.03069 0.05286 0.03581 0.05371 0.02046 0.03922 0.09548
Bathycoccus_prasinos_1         0.07411 0.06863 0.04671 0.05767 0.00288 0.03301 0.07685 0.07959 0.01658 0.08781 0.09877 0.03301 0.02754 0.03575 0.05219 0.04945 0.06315 0.00014 0.03027 0.06589
Bathycoccus_prasinos_2         0.08551 0.05072 0.03333 0.05507 0.01884 0.04493 0.06812 0.06667 0.01304 0.07246 0.08696 0.04783 0.02899 0.03043 0.04928 0.06522 0.06522 0.00435 0.02609 0.08696
Bathycoccus_prasinos_chloro_1  0.07082 0.03153 0.02629 0.06035 0.00796 0.03939 0.08130 0.07344 0.02629 0.06297 0.08130 0.06035 0.03153 0.03153 0.04201 0.06035 0.05249 0.00272 0.02629 0.13107
Bathycoccus_prasinos_chloro_2  0.07588 0.05549 0.03171 0.06569 0.01019 0.02945 0.06342 0.07928 0.01812 0.05549 0.09966 0.04757 0.02945 0.03737 0.05663 0.05096 0.05549 0.02039 0.03058 0.08720
Bathycoccus_prasinos_mito_1    0.09702 0.04502 0.02768 0.06235 0.01034 0.03201 0.07535 0.08402 0.03201 0.05802 0.08402 0.05802 0.03635 0.04502 0.03201 0.03201 0.06235 0.00168 0.01901 0.10569
Bathycoccus_prasinos_mito_2    0.08101 0.05131 0.03150 0.07651 0.01440 0.02520 0.06481 0.06841 0.02070 0.07561 0.07831 0.05491 0.03690 0.04140 0.04680 0.04680 0.06121 0.01980 0.02250 0.08191
Batrachochytrium_dendrobatidis_1 0.08378 0.05452 0.03856 0.05053 0.01197 0.03191 0.05585 0.07580 0.02527 0.07979 0.08245 0.05718 0.02660 0.04122 0.04920 0.05718 0.05984 0.00399 0.02261 0.09176
Batrachochytrium_dendrobatidis_2 0.07837 0.04644 0.02758 0.06096 0.01451 0.02903 0.05806 0.07257 0.01161 0.07837 0.08853 0.05660 0.03048 0.02612 0.04935 0.07983 0.06531 0.00581 0.02612 0.09434
Batrachochytrium_dendrobatidis_mito_1 0.09717 0.06360 0.03357 0.05654 0.00707 0.05124 0.05830 0.09364 0.01767 0.07067 0.08834 0.05477 0.02827 0.03180 0.03357 0.04770 0.05124 0.00177 0.02474 0.08834
Batrachochytrium_dendrobatidis_mito_2 0.08588 0.05311 0.03729 0.06441 0.01243 0.03729 0.05876 0.07232 0.02034 0.07571 0.08927 0.04972 0.03390 0.04068 0.05085 0.03503 0.06102 0.02034 0.02712 0.07458
Bodo_saltans_1                 0.08657 0.04218 0.03552 0.05549 0.01998 0.03663 0.05438 0.06548 0.02442 0.06215 0.06881 0.06992 0.03996 0.05327 0.04218 0.05771 0.06437 0.01554 0.02997 0.07547
Bodo_saltans_2                 0.07971 0.05942 0.03188 0.04928 0.01594 0.03188 0.06812 0.07101 0.01304 0.07681 0.08696 0.04203 0.02899 0.02319 0.04928 0.07391 0.05797 0.00580 0.02899 0.10580
Bodo_saltans_mito_2            0.07222 0.06000 0.02778 0.06556 0.01889 0.04000 0.05778 0.06556 0.02111 0.06222 0.10333 0.04000 0.03000 0.03778 0.05111 0.04333 0.06111 0.01889 0.02667 0.09667
Caldiarchaeum_subterraneum_1   0.08232 0.06748 0.02429 0.05668 0.00000 0.04318 0.06343 0.08232 0.02024 0.08097 0.09582 0.04453 0.02969 0.03644 0.05128 0.05263 0.04993 0.00675 0.02699 0.08502
Caldiarchaeum_subterraneum_2   0.06917 0.06990 0.02943 0.05224 0.00883 0.01545 0.07653 0.06255 0.01692 0.07358 0.09787 0.05151 0.02502 0.03385 0.06034 0.05298 0.06917 0.01619 0.03974 0.07873
Caldisericum_exile_1           0.07050 0.05324 0.03165 0.05324 0.00863 0.02878 0.07482 0.06475 0.02734 0.08633 0.07050 0.07194 0.03309 0.05180 0.04460 0.03022 0.05612 0.01583 0.04604 0.08058
Caldisericum_exile_2           0.06132 0.05351 0.03122 0.07581 0.00780 0.02230 0.06577 0.06243 0.02341 0.08696 0.09365 0.06800 0.02453 0.04682 0.04459 0.04125 0.05574 0.01895 0.04013 0.07581
Caldithrix_abyssi_1            0.08749 0.05478 0.03025 0.04988 0.00409 0.03434 0.07768 0.07604 0.02044 0.07114 0.09076 0.06705 0.03025 0.03679 0.04906 0.03271 0.05070 0.01717 0.03843 0.08095
Caldithrix_abyssi_2            0.07425 0.05529 0.02765 0.06635 0.00237 0.03712 0.07978 0.07109 0.02449 0.08452 0.08373 0.05134 0.03002 0.04186 0.04739 0.04344 0.05687 0.01817 0.03318 0.07109
Caldivirga_maquilingensis_1    0.07814 0.07656 0.03078 0.05998 0.00158 0.02052 0.05841 0.06946 0.02210 0.06630 0.09787 0.04893 0.03078 0.04183 0.04815 0.04815 0.05051 0.01579 0.03631 0.09787
Caldivirga_maquilingensis_2    0.07511 0.06480 0.02872 0.05670 0.00368 0.01767 0.07069 0.06554 0.02062 0.09057 0.08984 0.05007 0.02872 0.03461 0.05302 0.05228 0.05523 0.01767 0.03608 0.08837
Campylobacter_jejuni_1         0.09237 0.04819 0.03481 0.05355 0.00134 0.04016 0.06961 0.08969 0.01874 0.07229 0.08701 0.06693 0.03213 0.03213 0.03347 0.05489 0.04953 0.00000 0.03213 0.09103
Campylobacter_jejuni_2         0.07522 0.04434 0.04513 0.06730 0.00871 0.02930 0.07680 0.07047 0.01663 0.06968 0.09264 0.07126 0.03325 0.04513 0.03642 0.04830 0.04751 0.00950 0.03642 0.07601
Cenarchaeum_symbiosum_1        0.07959 0.06429 0.02959 0.05714 0.00408 0.03163 0.06224 0.09592 0.02959 0.07857 0.08265 0.05306 0.03061 0.03878 0.05714 0.04286 0.06429 0.00918 0.02245 0.06633
Cenarchaeum_symbiosum_2        0.07386 0.06278 0.02363 0.06130 0.00960 0.02290 0.06647 0.07459 0.02437 0.07016 0.08936 0.04801 0.03545 0.03102 0.05096 0.06721 0.06352 0.01551 0.03323 0.07607
Chlamydia_trachomatis_1        0.09426 0.05302 0.03240 0.05891 0.00589 0.04124 0.06627 0.08689 0.01620 0.08100 0.08984 0.05449 0.03240 0.02798 0.03976 0.04271 0.05596 0.00147 0.02504 0.09426
Chlamydia_trachomatis_2        0.07478 0.05134 0.04018 0.07366 0.00446 0.03348 0.06362 0.07031 0.02455 0.06920 0.08705 0.05469 0.03683 0.04576 0.04464 0.04576 0.05357 0.02344 0.02455 0.07812
Chlamydomonas_reinhardtii_1    0.08745 0.06274 0.02852 0.05323 0.00761 0.04563 0.06464 0.06844 0.02092 0.08365 0.08935 0.05513 0.02472 0.03992 0.05703 0.05703 0.05893 0.00001 0.02662 0.06844
Chlamydomonas_reinhardtii_2    0.09783 0.06289 0.03231 0.05852 0.02357 0.03231 0.05852 0.04541 0.02357 0.08036 0.06289 0.04541 0.03668 0.00610 0.04541 0.05852 0.08909 0.00173 0.01920 0.11967
Chlamydomonas_reinhardtii_chloro_1 0.08392 0.04463 0.04463 0.06035 0.01320 0.03677 0.06297 0.07082 0.02891 0.06559 0.09178 0.04987 0.02106 0.02368 0.06297 0.02891 0.07082 0.00272 0.02106 0.11535
Chlamydomonas_reinhardtii_chloro_2 0.07171 0.07171 0.04183 0.04980 0.00598 0.02391 0.06972 0.08366 0.01993 0.05578 0.08963 0.03785 0.02789 0.04582 0.05578 0.03586 0.06773 0.03785 0.03586 0.07171
Chlamydomonas_reinhardtii_mito_1 0.12203 0.04032 0.02312 0.06183 0.01452 0.04462 0.06613 0.08763 0.02742 0.07473 0.05753 0.06183 0.02742 0.03602 0.03172 0.02742 0.06183 0.00162 0.01882 0.11343
Chlamydomonas_reinhardtii_mito_2 0.08245 0.05603 0.03277 0.06977 0.01268 0.03277 0.06131 0.06765 0.01797 0.06342 0.08457 0.04440 0.02748 0.04017 0.05920 0.05074 0.06237 0.01797 0.02114 0.09514
Chlorobium_phaeovibrioides_1   0.09091 0.05487 0.03440 0.04996 0.00410 0.03440 0.07125 0.08108 0.02211 0.07125 0.09992 0.05569 0.02948 0.03931 0.04668 0.04586 0.05569 0.01392 0.02948 0.06962
Chlorobium_phaeovibrioides_2   0.09019 0.06329 0.02611 0.07595 0.00633 0.02690 0.06013 0.07832 0.01820 0.07437 0.09019 0.04193 0.02769 0.03481 0.04984 0.05301 0.05854 0.01582 0.03085 0.07753
Chloroflexus_1                 0.10080 0.07029 0.02918 0.05836 0.00796 0.05305 0.06233 0.08621 0.01326 0.08753 0.08621 0.03846 0.02122 0.02387 0.04244 0.03714 0.05438 0.00398 0.02918 0.09416
Chloroflexus_2                 0.08057 0.07188 0.02449 0.06635 0.00474 0.03791 0.07267 0.07267 0.01896 0.07188 0.08057 0.03712 0.02923 0.04265 0.05608 0.03870 0.05845 0.01659 0.03081 0.08768
Chlorogloeopsis_fritschii_1    0.10139 0.04824 0.03516 0.06051 0.00572 0.04415 0.06296 0.07522 0.01717 0.07441 0.09403 0.05478 0.02780 0.03271 0.04252 0.03843 0.05805 0.01226 0.03352 0.08095
Chlorogloeopsis_fritschii_2    0.07182 0.05919 0.03236 0.06393 0.00552 0.03867 0.07103 0.07893 0.01657 0.06709 0.09787 0.04815 0.02605 0.03236 0.05288 0.04657 0.06156 0.01342 0.03315 0.08287
Chondrus_crispus_1             0.09005 0.06191 0.03190 0.05066 0.00563 0.04315 0.06191 0.07129 0.02627 0.07504 0.08630 0.04690 0.02439 0.04315 0.06566 0.05816 0.06191 0.00000 0.02814 0.06754
Chondrus_crispus_2             0.09327 0.04723 0.02952 0.05431 0.01653 0.03306 0.05785 0.06730 0.01653 0.07202 0.07910 0.05313 0.04250 0.03070 0.04841 0.07320 0.06494 0.00708 0.02125 0.09209
Chondrus_crispus_chloro_1      0.09269 0.04068 0.03201 0.06235 0.00601 0.03635 0.07535 0.08836 0.02768 0.09702 0.07102 0.04935 0.03201 0.03201 0.02335 0.03201 0.07102 0.00168 0.02335 0.10569
Chondrus_crispus_chloro_2      0.07512 0.05419 0.02709 0.06034 0.00616 0.03571 0.06650 0.07759 0.01724 0.07389 0.09852 0.04926 0.02833 0.03571 0.05542 0.04803 0.06034 0.02217 0.03079 0.07759
Chondrus_crispus_mito_2        0.09042 0.05967 0.03255 0.07233 0.00995 0.02622 0.06239 0.07505 0.02080 0.06691 0.09313 0.04069 0.02893 0.03888 0.04611 0.04792 0.06058 0.01627 0.02351 0.08770
Chthonomonas_calidirosea_2     0.09242 0.06951 0.02607 0.06161 0.01027 0.03555 0.07346 0.06793 0.01975 0.07662 0.09637 0.03633 0.02449 0.03633 0.05371 0.03555 0.06556 0.01817 0.02686 0.07346
Cloacimonas_acidaminovorans_1  0.09702 0.04201 0.02891 0.06035 0.01058 0.03415 0.06559 0.07868 0.02368 0.08130 0.08130 0.07344 0.03939 0.03415 0.04725 0.02368 0.05773 0.00010 0.03415 0.08654
Cloacimonas_acidaminovorans_2  0.06559 0.05511 0.03153 0.06559 0.00796 0.03939 0.06559 0.08392 0.02106 0.09702 0.08130 0.06035 0.03153 0.03677 0.03677 0.04201 0.07868 0.00272 0.02629 0.07082
Clostridium_acetobutylicum_1   0.08223 0.04509 0.03316 0.05703 0.00796 0.03846 0.07294 0.08886 0.01194 0.08223 0.08488 0.06897 0.03316 0.02785 0.03581 0.05305 0.05172 0.00133 0.03448 0.08886
Clostridium_acetobutylicum_2   0.07504 0.04660 0.04107 0.07030 0.00632 0.03476 0.07583 0.06951 0.01580 0.08057 0.08452 0.06319 0.03712 0.03476 0.04423 0.03949 0.05608 0.01422 0.03397 0.07662
Cyanidioschyzon_merolae_1      0.11050 0.06867 0.02368 0.05683 0.01657 0.03946 0.05051 0.06235 0.02684 0.06314 0.09313 0.04025 0.02684 0.04262 0.05683 0.05209 0.05051 0.01500 0.03078 0.07340
Cyanidioschyzon_merolae_2      0.08747 0.07329 0.02482 0.05792 0.02009 0.02600 0.05910 0.06383 0.01064 0.06501 0.08865 0.03901 0.04019 0.02837 0.05437 0.07210 0.06265 0.00827 0.02246 0.09574
Cyanidioschyzon_merolae_chloro_1 0.11074 0.05201 0.03188 0.05705 0.00336 0.04866 0.05537 0.09396 0.01678 0.07550 0.08725 0.04698 0.02852 0.02349 0.03020 0.05201 0.05872 0.00168 0.02517 0.10067
Cyanidioschyzon_merolae_chloro_2 0.08381 0.06908 0.02265 0.05663 0.00793 0.03851 0.06229 0.07701 0.02039 0.06682 0.10646 0.03284 0.02605 0.04304 0.05323 0.04643 0.05663 0.01812 0.02718 0.08494
Cyanidioschyzon_merolae_mito_1 0.11482 0.07748 0.02679 0.06147 0.00545 0.05880 0.04813 0.09882 0.01079 0.07214 0.09348 0.04547 0.02146 0.02679 0.03746 0.05347 0.03746 0.00012 0.02412 0.08548
Cyanidioschyzon_merolae_mito_2 0.09468 0.07665 0.02344 0.06312 0.01443 0.03517 0.07033 0.06673 0.02525 0.06492 0.09648 0.02976 0.02795 0.03607 0.04509 0.03787 0.06132 0.01713 0.02615 0.08747
Cyanobium_gracile_1            0.11582 0.06607 0.02121 0.06036 0.00816 0.04241 0.06281 0.07504 0.02039 0.06036 0.10685 0.04241 0.02692 0.02773 0.04323 0.03507 0.05628 0.01468 0.02610 0.08809
Cyanobium_gracile_2            0.09945 0.06551 0.02131 0.06551 0.00631 0.03157 0.06788 0.08129 0.01894 0.05367 0.11287 0.04262 0.02447 0.03552 0.05367 0.04893 0.05683 0.01500 0.01815 0.08051
Cyanophora_paradoxa_1          0.09775 0.05999 0.04223 0.06222 0.01779 0.02224 0.06222 0.06888 0.01779 0.04889 0.10664 0.04889 0.02668 0.05555 0.04667 0.04001 0.05777 0.02224 0.03778 0.05777
Cyanophora_paradoxa_2          0.08037 0.05736 0.02975 0.06196 0.03896 0.02055 0.06656 0.06196 0.01595 0.05736 0.06196 0.04356 0.04816 0.01595 0.05276 0.07117 0.06196 0.00215 0.02515 0.12638
Cylindrospermopsis_raciborskii_1 0.09633 0.04898 0.03592 0.06041 0.00571 0.04980 0.05878 0.07755 0.01551 0.07347 0.08980 0.05551 0.02939 0.03184 0.04082 0.04082 0.05796 0.01224 0.03265 0.08653
Cylindrospermopsis_raciborskii_2 0.07425 0.05450 0.03633 0.06477 0.00553 0.04423 0.06398 0.07741 0.01896 0.06635 0.10111 0.04897 0.02607 0.03318 0.05055 0.04976 0.06082 0.01422 0.02923 0.07978
Desulfurispirillum_indicum_2   0.07486 0.06592 0.02458 0.06704 0.01006 0.03128 0.06927 0.06704 0.02570 0.08045 0.07709 0.04693 0.03128 0.04916 0.04134 0.04469 0.06034 0.01899 0.03575 0.07821
Dictyoglomus_turgidum_1        0.08090 0.05703 0.03316 0.05172 0.00398 0.03316 0.07825 0.08886 0.01989 0.08753 0.10212 0.05836 0.02520 0.03448 0.04377 0.03050 0.05172 0.00398 0.03183 0.08355
Dictyoglomus_turgidum_2        0.06157 0.05717 0.02463 0.05717 0.00967 0.02990 0.08091 0.06684 0.01583 0.07828 0.10202 0.06332 0.03254 0.03782 0.05101 0.04837 0.04749 0.02199 0.03958 0.07388
Dictyostelium_discoideum_1     0.07560 0.05172 0.03581 0.05570 0.01194 0.03581 0.05570 0.07294 0.02653 0.09284 0.07825 0.06101 0.03050 0.03979 0.05438 0.06366 0.05836 0.00265 0.02387 0.07294
Dictyostelium_discoideum_2     0.07674 0.04959 0.04132 0.04723 0.02125 0.03660 0.05903 0.06730 0.01771 0.08619 0.07910 0.05077 0.04604 0.03306 0.05313 0.06612 0.05903 0.00708 0.01889 0.08383
Dictyostelium_discoideum_mito_1 0.07586 0.03406 0.03668 0.04190 0.01055 0.03668 0.07325 0.06541 0.02361 0.10199 0.09154 0.06803 0.02623 0.04190 0.03929 0.07325 0.06019 0.00271 0.02100 0.07586
Dictyostelium_discoideum_mito_2 0.07623 0.04933 0.02578 0.07063 0.01682 0.03475 0.05381 0.07063 0.02130 0.07848 0.08520 0.05493 0.03363 0.03700 0.04933 0.04709 0.06278 0.01682 0.03363 0.08184
Ectocarpus_siliculosus_1       0.09142 0.05143 0.03429 0.05714 0.01143 0.04191 0.06286 0.06666 0.02476 0.07047 0.09714 0.05333 0.02857 0.03619 0.05714 0.06286 0.05714 0.00191 0.02667 0.06666
Ectocarpus_siliculosus_2       0.07514 0.05491 0.02601 0.05636 0.02023 0.03757 0.06792 0.07659 0.01301 0.06503 0.08526 0.03902 0.02746 0.02746 0.04913 0.07370 0.06936 0.00578 0.02457 0.10549
Ectocarpus_siliculosus_chloro_1 0.08654 0.03939 0.03415 0.07082 0.00534 0.03677 0.06035 0.07606 0.02629 0.07082 0.09964 0.06297 0.02891 0.03677 0.03677 0.03939 0.06559 0.00534 0.02106 0.09702
Ectocarpus_siliculosus_mito_2  0.09459 0.05766 0.02793 0.06757 0.01441 0.02432 0.06486 0.07477 0.02072 0.05946 0.08919 0.04595 0.03243 0.03784 0.04685 0.04144 0.06937 0.01532 0.02793 0.08739
Elphidium_margaritaceum_1      0.08604 0.05545 0.03728 0.05736 0.01530 0.04493 0.06119 0.06214 0.02103 0.06310 0.08795 0.05736 0.03442 0.04685 0.04971 0.05258 0.05354 0.01243 0.04207 0.05927
Elphidium_margaritaceum_2      0.07948 0.05058 0.02890 0.05347 0.02168 0.03468 0.05780 0.07081 0.01590 0.07803 0.09827 0.05347 0.02746 0.03035 0.04624 0.06936 0.06647 0.00289 0.02601 0.08815
Elphidium_margaritaceum_mito_2 0.06383 0.05711 0.02576 0.06495 0.02688 0.04143 0.05823 0.07279 0.02016 0.06831 0.08399 0.04591 0.03919 0.04255 0.04143 0.05599 0.05487 0.02240 0.03359 0.08063
Elusimicrobium_minutum_1       0.07323 0.04394 0.04068 0.05533 0.00814 0.03743 0.05777 0.07974 0.01953 0.06835 0.09032 0.07648 0.03011 0.03662 0.04719 0.05045 0.05289 0.01302 0.03336 0.08544
Elusimicrobium_minutum_2       0.08531 0.04897 0.03318 0.06635 0.00948 0.03633 0.07188 0.06872 0.01738 0.08215 0.09084 0.06635 0.02133 0.03633 0.04344 0.04265 0.05529 0.01422 0.02765 0.08215
Fibrobacter_succinogenes_1     0.08588 0.04941 0.04353 0.05647 0.01765 0.02941 0.06235 0.06471 0.03059 0.05765 0.07647 0.06941 0.03765 0.04118 0.04824 0.02706 0.05059 0.02118 0.04471 0.08588
Fibrobacter_succinogenes_2     0.07016 0.05679 0.03898 0.06793 0.00891 0.03452 0.05791 0.06682 0.03007 0.06793 0.08352 0.05902 0.03563 0.04343 0.04566 0.04343 0.06013 0.01782 0.02673 0.08463
Galdieria_sulphuraria_1        0.08580 0.05616 0.02340 0.05460 0.01248 0.04524 0.05304 0.07800 0.02496 0.07800 0.09204 0.05616 0.02808 0.03900 0.05616 0.04836 0.05772 0.00312 0.02340 0.08424
Galdieria_sulphuraria_2        0.07792 0.05077 0.03070 0.05667 0.02007 0.03306 0.06375 0.06612 0.01417 0.07320 0.08973 0.05667 0.03896 0.02834 0.05667 0.07202 0.05431 0.00590 0.02715 0.08383
Galdieria_sulphuraria_chloro_1 0.10235 0.04530 0.04195 0.05369 0.00336 0.05201 0.07047 0.09228 0.01175 0.09564 0.08725 0.05034 0.02349 0.02517 0.03188 0.05201 0.05369 0.00000 0.02685 0.08054
Galdieria_sulphuraria_chloro_2 0.07232 0.05989 0.03164 0.05650 0.01017 0.03955 0.06667 0.06780 0.01921 0.08701 0.10395 0.04068 0.02486 0.03842 0.04746 0.04972 0.05537 0.02260 0.03842 0.06780
Galdieria_sulphuraria_mito_1   0.10184 0.06511 0.02671 0.05843 0.00835 0.04007 0.06010 0.09850 0.01503 0.05676 0.08514 0.05509 0.02838 0.03506 0.03339 0.05175 0.04341 0.00167 0.02504 0.11018
Galdieria_sulphuraria_mito_2   0.08303 0.06769 0.02888 0.06769 0.01083 0.03610 0.06679 0.06949 0.02347 0.07310 0.09206 0.04603 0.02347 0.04061 0.04513 0.04061 0.05686 0.01625 0.02888 0.08303
Gemmatimonas_aurantiaca_2      0.09779 0.06861 0.02839 0.07177 0.00710 0.03076 0.05994 0.07965 0.02287 0.05994 0.08517 0.02997 0.02445 0.04101 0.05047 0.04574 0.05836 0.02050 0.02445 0.09306
Gloeobacter_violaceus_1        0.10041 0.06776 0.02694 0.05633 0.00735 0.03755 0.06367 0.07592 0.01551 0.06857 0.10204 0.05143 0.02367 0.03510 0.04408 0.04000 0.05061 0.01143 0.03673 0.08490
Gloeobacter_violaceus_2        0.07820 0.06872 0.02844 0.07030 0.00395 0.03870 0.06240 0.07346 0.01659 0.05450 0.11295 0.04423 0.02449 0.03791 0.05450 0.04186 0.06082 0.01580 0.02449 0.08768
Haloarcula_marismortui_1       0.08836 0.04502 0.03635 0.07969 0.01468 0.04068 0.06669 0.08402 0.04068 0.06669 0.07969 0.03635 0.02335 0.03635 0.04068 0.03201 0.06235 0.00168 0.00601 0.11869
Haloarcula_marismortui_2       0.08686 0.05568 0.02450 0.09020 0.01225 0.03563 0.09465 0.05234 0.02339 0.06125 0.08797 0.02561 0.02339 0.03675 0.04900 0.05011 0.06236 0.02004 0.02561 0.08241
Heimdallarchaeota_archaeon_AB_125_1 0.07553 0.04642 0.03698 0.06845 0.00787 0.03462 0.05586 0.06530 0.02360 0.08025 0.09677 0.06609 0.02203 0.04957 0.04799 0.04406 0.05744 0.01023 0.03462 0.07632
Heimdallarchaeota_archaeon_AB_125_2 0.06696 0.05445 0.03164 0.06107 0.01030 0.03164 0.06990 0.07064 0.02060 0.09124 0.08977 0.06034 0.02723 0.04194 0.05004 0.05519 0.05445 0.01177 0.03164 0.06917
Heimdallarchaeota_archaeon_LC_2_1 0.07611 0.06069 0.04046 0.05588 0.00674 0.03468 0.06840 0.07418 0.02505 0.06744 0.08574 0.06069 0.02890 0.05973 0.05395 0.04721 0.05588 0.01349 0.02890 0.05588
Heimdallarchaeota_archaeon_LC_2_2 0.07282 0.04796 0.02664 0.06039 0.00711 0.03908 0.07460 0.07993 0.01244 0.08703 0.08170 0.06217 0.03908 0.03730 0.05151 0.05151 0.05329 0.00711 0.03197 0.07638
Heimdallarchaeota_archaeon_LC_3_1 0.06492 0.04988 0.03721 0.05384 0.00633 0.03642 0.06097 0.07205 0.02217 0.09105 0.08789 0.07363 0.01425 0.05226 0.04592 0.05780 0.05226 0.01188 0.03563 0.07363
Heimdallarchaeota_archaeon_LC_3_2 0.06310 0.04696 0.03008 0.05796 0.00660 0.02861 0.07263 0.06090 0.02128 0.09538 0.09538 0.06456 0.03008 0.04182 0.05062 0.06530 0.06090 0.01247 0.03081 0.06456
Homo_sapiens_1                 0.08667 0.04800 0.03600 0.05600 0.01333 0.03867 0.05200 0.07467 0.02533 0.08267 0.08533 0.05600 0.02667 0.04000 0.05200 0.05600 0.05867 0.00400 0.02400 0.08400
Homo_sapiens_2                 0.07692 0.05515 0.02612 0.05225 0.01306 0.03048 0.06241 0.07257 0.01306 0.07692 0.08853 0.04644 0.04064 0.02177 0.05080 0.08273 0.06386 0.00581 0.02612 0.09434
Homo_sapiens_mito_1            0.09866 0.06522 0.03345 0.06187 0.01003 0.03512 0.05518 0.09364 0.01840 0.06689 0.10869 0.04682 0.02508 0.02508 0.03512 0.04348 0.05853 0.00167 0.02843 0.08863
Homo_sapiens_mito_2            0.08046 0.06207 0.02299 0.06092 0.01379 0.03448 0.05862 0.07356 0.02184 0.06322 0.10690 0.04023 0.02759 0.03793 0.05402 0.04828 0.05747 0.01954 0.02874 0.08736
Hydra_vulgaris_1               0.08011 0.04673 0.03738 0.05474 0.01469 0.03738 0.05073 0.07343 0.02537 0.09613 0.08812 0.06275 0.02537 0.04139 0.05340 0.06275 0.05474 0.00401 0.01869 0.07210
Hydra_vulgaris_2               0.07246 0.05362 0.02609 0.05507 0.01884 0.03043 0.06087 0.07101 0.01449 0.07826 0.08696 0.05072 0.03478 0.02029 0.05217 0.08116 0.06812 0.00580 0.02754 0.09130
Hydra_vulgaris_mito_1          0.10201 0.05686 0.03177 0.05686 0.01003 0.03846 0.05518 0.09866 0.01840 0.06856 0.09532 0.05518 0.03010 0.02341 0.03679 0.05017 0.05184 0.00000 0.02843 0.09197
Hydra_vulgaris_mito_2          0.07797 0.05311 0.04068 0.06554 0.01582 0.02599 0.05876 0.06667 0.02260 0.07458 0.09153 0.05537 0.03051 0.03955 0.04633 0.04859 0.05537 0.01921 0.03277 0.07910
Hyperthermus_butylicus_1       0.08531 0.07188 0.02212 0.04739 0.00237 0.02765 0.06872 0.06872 0.02291 0.07346 0.09242 0.05924 0.03160 0.04739 0.05134 0.04660 0.05213 0.01422 0.02686 0.08768
Hyperthermus_butylicus_2       0.07625 0.07111 0.02199 0.04912 0.00367 0.02126 0.08651 0.06672 0.01979 0.08065 0.10337 0.05718 0.02053 0.03079 0.05205 0.04106 0.05718 0.02126 0.03959 0.07991
Ignicoccus_hospitalis_1        0.08360 0.05678 0.02918 0.05047 0.00237 0.02366 0.07256 0.06309 0.02287 0.07256 0.08281 0.07177 0.03312 0.04574 0.05205 0.04653 0.05442 0.01656 0.03076 0.08912
Ignicoccus_hospitalis_2        0.07766 0.05861 0.02344 0.05568 0.00586 0.01612 0.07839 0.05934 0.02418 0.07033 0.09524 0.06960 0.02784 0.03077 0.05641 0.04469 0.05421 0.02418 0.03516 0.09231
Jidaibacter_acanthamoeba_1     0.09229 0.04749 0.03584 0.06362 0.01165 0.04032 0.05914 0.06362 0.02061 0.07079 0.09498 0.07168 0.02867 0.04122 0.03853 0.05108 0.04749 0.01075 0.03674 0.07348
Jidaibacter_acanthamoeba_2     0.09707 0.04654 0.03457 0.06915 0.00665 0.03989 0.06649 0.08112 0.01596 0.08511 0.08644 0.05186 0.02793 0.03457 0.03856 0.05452 0.06250 0.00532 0.02261 0.07314
Jonquetella_anthropi_1         0.09270 0.05824 0.02953 0.05906 0.01313 0.03281 0.06071 0.08121 0.02133 0.05989 0.09762 0.05086 0.03445 0.03281 0.04840 0.04922 0.05332 0.01723 0.03281 0.07465
Jonquetella_anthropi_2         0.08782 0.06883 0.02690 0.06408 0.00949 0.03481 0.06092 0.07753 0.01820 0.05617 0.09810 0.04430 0.03085 0.04035 0.04984 0.04430 0.06013 0.02215 0.02690 0.07832
Korarchaeum_cryptofilum_1      0.07713 0.06516 0.02261 0.06117 0.00399 0.03191 0.07181 0.07979 0.02394 0.08644 0.08777 0.05585 0.01995 0.04255 0.05718 0.04654 0.05186 0.00532 0.02394 0.08511
Korarchaeum_cryptofilum_2      0.07533 0.07164 0.02733 0.05318 0.00517 0.02216 0.08050 0.06795 0.02437 0.07829 0.09601 0.03988 0.02659 0.03619 0.05613 0.05465 0.04948 0.01773 0.03619 0.08124
Kosmotoga_olearia_1            0.08828 0.04703 0.03630 0.05611 0.00743 0.02888 0.07343 0.07838 0.02063 0.08416 0.08993 0.07013 0.02723 0.03135 0.04620 0.03878 0.04785 0.01320 0.04125 0.07343
Kosmotoga_olearia_2            0.07431 0.06087 0.03004 0.06957 0.00553 0.03004 0.07668 0.06640 0.01660 0.08458 0.08142 0.05296 0.03004 0.04348 0.04901 0.04427 0.05534 0.01660 0.02925 0.08300
Latescibacteria_bacterium_1    0.09401 0.07403 0.02585 0.04818 0.01175 0.03878 0.06463 0.07991 0.02115 0.06110 0.09166 0.04348 0.02820 0.03408 0.04583 0.04113 0.05288 0.01645 0.03995 0.08696
Latescibacteria_bacterium_2    0.07107 0.06907 0.02703 0.06206 0.00801 0.03103 0.07708 0.07407 0.01902 0.07508 0.09610 0.04004 0.02402 0.03704 0.04905 0.05205 0.06707 0.01502 0.02703 0.07908
Leishmania_major_1             0.08109 0.04451 0.02100 0.07064 0.01839 0.03929 0.03406 0.07848 0.03145 0.07586 0.07064 0.08370 0.03406 0.04190 0.04713 0.04974 0.06280 0.01055 0.01055 0.09415
Leishmania_major_2             0.08137 0.05778 0.03420 0.05660 0.02358 0.04127 0.06014 0.06604 0.01415 0.07311 0.08373 0.04363 0.03774 0.02712 0.04363 0.07193 0.04953 0.00708 0.02712 0.10024
Leishmania_major_mito_2        0.08090 0.05843 0.02697 0.07191 0.01573 0.03258 0.05730 0.06292 0.02584 0.05843 0.10000 0.04719 0.03258 0.03933 0.04831 0.04494 0.05618 0.01798 0.02697 0.09551
Lentisphaera_araneosa_1        0.09180 0.04836 0.03852 0.05902 0.00656 0.03770 0.05984 0.07459 0.02131 0.07459 0.08033 0.06393 0.03279 0.03852 0.04672 0.04426 0.06475 0.01230 0.03525 0.06885
Lentisphaera_araneosa_2        0.07812 0.03636 0.03636 0.07812 0.01129 0.03636 0.05863 0.07812 0.01686 0.07812 0.06420 0.05306 0.03636 0.05028 0.02800 0.07256 0.07256 0.01129 0.02800 0.07534
Leptolyngbya_valderiana_1      0.10080 0.04642 0.03050 0.06233 0.00796 0.04509 0.06631 0.08488 0.01326 0.07692 0.09814 0.05438 0.02918 0.02255 0.03979 0.04377 0.06233 0.00265 0.02653 0.08621
Limulus_polyphemus_1           0.09089 0.04762 0.03680 0.04762 0.01733 0.03680 0.06493 0.08440 0.03031 0.08224 0.08224 0.05195 0.02166 0.03680 0.04329 0.03897 0.06709 0.00651 0.01733 0.09522
Limulus_polyphemus_2           0.06676 0.04790 0.03048 0.04935 0.02032 0.03483 0.06821 0.07257 0.01451 0.07402 0.08418 0.05080 0.03919 0.02467 0.05080 0.07692 0.06676 0.00726 0.02612 0.09434
Limulus_polyphemus_mito_1      0.10325 0.06889 0.03168 0.05744 0.00591 0.04599 0.04027 0.10325 0.00591 0.07748 0.09466 0.05172 0.02595 0.02309 0.04313 0.05172 0.04885 0.00019 0.03454 0.08607
Limulus_polyphemus_mito_2      0.06920 0.05421 0.02999 0.06805 0.01153 0.02653 0.06228 0.07151 0.02768 0.07612 0.08997 0.05190 0.02884 0.04268 0.04844 0.04498 0.05882 0.01845 0.02768 0.09112
Lokiarchaeum_sp._GC14_75_1     0.07012 0.04116 0.04268 0.05945 0.00762 0.04726 0.05945 0.06402 0.02591 0.10366 0.08689 0.08384 0.01982 0.04421 0.03963 0.05793 0.05488 0.00457 0.02439 0.06250
Lokiarchaeum_sp._GC14_75_2     0.05780 0.04046 0.03468 0.06214 0.00867 0.03179 0.07659 0.07081 0.02168 0.10694 0.11272 0.06069 0.01445 0.04335 0.04913 0.06792 0.05491 0.00867 0.02457 0.05202
Melainabacteria_bacterium_1    0.09404 0.04376 0.04097 0.06611 0.00745 0.03445 0.05587 0.07728 0.01676 0.07263 0.08473 0.07542 0.02514 0.03445 0.03818 0.04004 0.06611 0.01304 0.03166 0.08194
Melainabacteria_bacterium_2    0.05944 0.05081 0.03452 0.06807 0.01055 0.03452 0.07095 0.07095 0.02013 0.08150 0.08725 0.06136 0.03164 0.03643 0.04794 0.04506 0.06328 0.01630 0.03547 0.07383
Methanocaldococcus_jannaschii_1 0.08289 0.05882 0.02540 0.05882 0.00668 0.03209 0.07353 0.08155 0.02139 0.08021 0.08155 0.06952 0.03209 0.03476 0.05080 0.03476 0.06283 0.00134 0.02273 0.08824
Methanocaldococcus_jannaschii_2 0.07493 0.05638 0.02819 0.06306 0.01261 0.02596 0.08383 0.06306 0.01706 0.09644 0.07864 0.07047 0.02671 0.03635 0.04896 0.03487 0.05045 0.01632 0.02893 0.08680
Methanomassiliicoccus_luminyensis_1 0.09365 0.05952 0.02698 0.06270 0.00952 0.03571 0.05397 0.07381 0.02222 0.07143 0.07778 0.06111 0.03492 0.04286 0.05317 0.04127 0.05714 0.01349 0.03254 0.07619
Methanomassiliicoccus_luminyensis_2 0.07879 0.05596 0.02577 0.05817 0.01252 0.03019 0.06627 0.06848 0.01988 0.06627 0.09057 0.05891 0.03461 0.03387 0.05007 0.05228 0.05744 0.01915 0.03387 0.08689
Methanopyrus_kandleri_1        0.08386 0.07120 0.02057 0.06171 0.00949 0.02453 0.10285 0.07516 0.02690 0.05696 0.09731 0.03639 0.02373 0.04272 0.05538 0.02927 0.05617 0.01345 0.02532 0.08703
Methanopyrus_kandleri_2        0.07817 0.06785 0.01844 0.06563 0.01180 0.02360 0.10767 0.06416 0.01917 0.06785 0.08333 0.04941 0.02950 0.02729 0.05236 0.03024 0.05162 0.01770 0.02950 0.10472
Methanosarcina_mazei_1         0.08003 0.05705 0.03407 0.05547 0.01030 0.03407 0.06101 0.07528 0.02773 0.06973 0.08716 0.05784 0.03249 0.04120 0.05468 0.05071 0.05309 0.01189 0.02932 0.07686
Methanosarcina_mazei_2         0.07762 0.05200 0.02788 0.06029 0.01206 0.03316 0.07913 0.06782 0.02035 0.06782 0.08515 0.05200 0.03617 0.03391 0.04597 0.05200 0.06179 0.01809 0.02788 0.08892
Methanothermobacter_thermautotrophicus_1 0.08003 0.07607 0.02536 0.06418 0.00951 0.02615 0.08241 0.07607 0.02615 0.07448 0.08241 0.04041 0.03883 0.04675 0.04834 0.03803 0.04834 0.01426 0.02377 0.07845
Methanothermobacter_thermautotrophicus_2 0.07982 0.06282 0.02661 0.05987 0.01256 0.02956 0.08647 0.07095 0.01626 0.07908 0.07982 0.04952 0.03178 0.03104 0.05248 0.04065 0.05469 0.01700 0.02735 0.09165
Nitrosoarchaeum_limnia_1       0.07620 0.04679 0.03476 0.05749 0.00401 0.03342 0.06283 0.08556 0.02273 0.09225 0.08422 0.07353 0.02941 0.03877 0.04679 0.05080 0.06016 0.00267 0.02139 0.07620
Nitrosoarchaeum_limnia_2       0.06186 0.05081 0.03682 0.05007 0.00884 0.02651 0.07511 0.06406 0.02209 0.08542 0.08395 0.06333 0.03166 0.03461 0.04713 0.06259 0.06775 0.01546 0.03535 0.07658
Nitrosopumilus_maritimus_1     0.08289 0.04679 0.03743 0.05749 0.00267 0.03342 0.07086 0.08155 0.02273 0.08289 0.08556 0.06952 0.03075 0.03877 0.04679 0.04545 0.06016 0.00267 0.02139 0.08021
Nitrosopumilus_maritimus_2     0.06702 0.05115 0.03086 0.05467 0.00794 0.02116 0.07231 0.06261 0.02205 0.07848 0.08995 0.06790 0.03175 0.03616 0.04762 0.06526 0.06702 0.01940 0.04056 0.06614
Odinarchaeota_archaeon_LCB_4_1 0.07692 0.05630 0.03013 0.05868 0.00952 0.02776 0.06344 0.06582 0.02379 0.08168 0.08882 0.07137 0.02062 0.04758 0.05313 0.04203 0.05710 0.01507 0.03410 0.07613
Odinarchaeota_archaeon_LCB_4_2 0.06828 0.05213 0.03598 0.04772 0.01248 0.02790 0.07269 0.06094 0.01542 0.09985 0.10279 0.06755 0.02129 0.03451 0.05140 0.05360 0.06828 0.01615 0.03231 0.05874
Oryza_sativa_1                 0.07288 0.06102 0.03729 0.05593 0.00848 0.03220 0.07288 0.07966 0.02034 0.08983 0.09152 0.04407 0.02881 0.03051 0.04915 0.05424 0.05763 0.00000 0.02712 0.08644
Oryza_sativa_2                 0.09327 0.05313 0.03306 0.06021 0.02007 0.03542 0.05195 0.06612 0.01653 0.07320 0.08855 0.05667 0.04132 0.02715 0.04486 0.06375 0.05785 0.00590 0.02597 0.08501
Oryza_sativa_chloro_1          0.10906 0.05705 0.02517 0.05705 0.00336 0.04866 0.05872 0.09228 0.01342 0.08221 0.08725 0.04530 0.03020 0.02685 0.03188 0.05705 0.06040 0.00000 0.02852 0.08557
Oryza_sativa_chloro_2          0.09474 0.05960 0.03256 0.05419 0.00283 0.03256 0.07311 0.09203 0.00824 0.06230 0.10825 0.03527 0.02986 0.02986 0.05419 0.05149 0.06230 0.00013 0.02986 0.08663
Oryza_sativa_mito_1            0.09269 0.04068 0.02335 0.06669 0.01034 0.02768 0.07102 0.09702 0.03201 0.04935 0.08836 0.05368 0.02335 0.04068 0.03635 0.04502 0.05802 0.00168 0.02335 0.11869
Oryza_sativa_mito_2            0.08228 0.05787 0.03526 0.06691 0.01085 0.02622 0.06148 0.06962 0.01989 0.08137 0.09042 0.04611 0.02441 0.03526 0.05063 0.04702 0.06148 0.02080 0.02712 0.08499
Oscillochloris_trichoides_1    0.09739 0.07033 0.03246 0.05500 0.00451 0.03877 0.06041 0.07935 0.01623 0.07755 0.08747 0.04058 0.02525 0.02795 0.04959 0.04418 0.04959 0.01713 0.03607 0.09017
Oscillochloris_trichoides_2    0.07838 0.06334 0.02534 0.06651 0.00475 0.04276 0.06730 0.07522 0.01900 0.07126 0.08551 0.03721 0.02850 0.03959 0.05542 0.04276 0.06572 0.01663 0.03088 0.08393
Paramecium_tetraurelia_1       0.07239 0.04558 0.03753 0.05228 0.01475 0.04424 0.06836 0.07105 0.02413 0.08043 0.08579 0.06032 0.03083 0.03753 0.05764 0.05094 0.06032 0.00268 0.03083 0.07239
Paramecium_tetraurelia_2       0.07120 0.04487 0.04223 0.06593 0.02643 0.03960 0.04487 0.06066 0.02643 0.08173 0.07120 0.07120 0.05276 0.02907 0.04487 0.05540 0.04750 0.00537 0.01854 0.10016
Physcomitrella_patens_1        0.07620 0.05348 0.04144 0.05749 0.02005 0.03610 0.05481 0.07353 0.02406 0.08824 0.08289 0.05882 0.03476 0.03610 0.05080 0.04813 0.05882 0.00401 0.02807 0.07219
Physcomitrella_patens_2        0.09445 0.05667 0.03306 0.05785 0.02007 0.03306 0.06021 0.06848 0.01653 0.07202 0.09327 0.05785 0.03778 0.02952 0.04486 0.05313 0.06021 0.00590 0.02597 0.07910
Physcomitrella_patens_chloro_1 0.12095 0.05040 0.03428 0.04839 0.00203 0.05645 0.05040 0.11289 0.01614 0.08265 0.07862 0.04234 0.02621 0.02420 0.03226 0.05443 0.05443 0.00001 0.02823 0.08467
Physcomitrella_patens_chloro_2 0.08173 0.05448 0.03405 0.06016 0.00341 0.02951 0.06810 0.07264 0.01589 0.05562 0.10102 0.04086 0.02951 0.04427 0.05335 0.04994 0.06470 0.02384 0.03292 0.08400
Physcomitrella_patens_mito_1   0.10333 0.05667 0.02500 0.05167 0.00833 0.05667 0.05833 0.09333 0.01333 0.07333 0.09333 0.05167 0.02000 0.03500 0.03833 0.05000 0.04667 0.00000 0.02833 0.09667
Physcomitrella_patens_mito_2   0.08401 0.05962 0.03252 0.06956 0.01265 0.02891 0.06504 0.06956 0.01987 0.07046 0.09214 0.04607 0.02349 0.03884 0.04697 0.04517 0.06052 0.02078 0.02258 0.09124
Phytophthora_ramorum_mito_1    0.08216 0.06628 0.03981 0.05304 0.00540 0.05569 0.05569 0.09539 0.00540 0.07157 0.09539 0.04775 0.02393 0.03716 0.04246 0.05834 0.06363 0.00011 0.02128 0.07951
Polysphondylium_pallidum_1     0.07984 0.04664 0.03794 0.05850 0.01186 0.04427 0.05534 0.06719 0.02451 0.08221 0.08063 0.06719 0.02846 0.04506 0.05059 0.05455 0.05850 0.01028 0.03241 0.06403
Polysphondylium_pallidum_2     0.07556 0.05431 0.03660 0.05195 0.02125 0.03424 0.06257 0.06848 0.01771 0.07792 0.08383 0.05313 0.04014 0.03188 0.05077 0.06021 0.05431 0.00826 0.02125 0.09563
Polysphondylium_pallidum_mito_1 0.07064 0.04190 0.04451 0.05235 0.01316 0.03929 0.06019 0.07064 0.02623 0.10460 0.08632 0.06541 0.02884 0.02884 0.03929 0.04974 0.06541 0.00271 0.02361 0.08632
Polysphondylium_pallidum_mito_2 0.07374 0.05475 0.03017 0.06816 0.01676 0.03687 0.06034 0.06704 0.02123 0.07039 0.09162 0.05028 0.03017 0.04358 0.04581 0.04469 0.06816 0.01788 0.02793 0.08045
Pseudanabaena_biceps_1         0.10080 0.04775 0.03183 0.06233 0.00663 0.04244 0.06366 0.08488 0.01459 0.08223 0.09416 0.06233 0.02785 0.02387 0.03846 0.04509 0.05438 0.00265 0.02918 0.08488
Pseudanabaena_biceps_2         0.07978 0.05766 0.02686 0.06556 0.00553 0.04107 0.06477 0.07109 0.01817 0.06635 0.10348 0.04502 0.02607 0.03791 0.05055 0.05213 0.05845 0.01422 0.03160 0.08373
Pyrobaculum_aerophilum_1       0.06994 0.07939 0.01891 0.04915 0.00568 0.02647 0.07183 0.08506 0.02080 0.06994 0.09829 0.05293 0.02269 0.03970 0.05293 0.04915 0.06427 0.01135 0.03970 0.07183
Pyrobaculum_aerophilum_2       0.08246 0.06842 0.01930 0.05000 0.00439 0.01842 0.07193 0.06140 0.02281 0.07719 0.09298 0.05965 0.02105 0.04211 0.06404 0.04474 0.05351 0.02105 0.04035 0.08421
Pyrococcus_furiosus_1          0.08812 0.06142 0.02270 0.05874 0.00267 0.03204 0.07343 0.07610 0.02537 0.09479 0.08278 0.06275 0.02804 0.03872 0.05607 0.03471 0.06008 0.00534 0.02537 0.07076
Pyrococcus_furiosus_2          0.08032 0.05969 0.02506 0.05748 0.00663 0.02579 0.08254 0.06190 0.02432 0.08475 0.08769 0.06264 0.02874 0.03095 0.05380 0.03611 0.04643 0.01990 0.03685 0.08843
Reticulomyxa_filosa_1          0.05948 0.04763 0.03282 0.05652 0.01801 0.05059 0.05652 0.08022 0.01505 0.08614 0.07133 0.07133 0.03578 0.05059 0.06244 0.07133 0.03874 0.00023 0.02097 0.07429
Reticulomyxa_filosa_2          0.07642 0.06369 0.03185 0.04671 0.01700 0.03610 0.07006 0.07430 0.01063 0.07218 0.09553 0.04671 0.02973 0.03398 0.04883 0.06157 0.06369 0.00638 0.02549 0.08916
Reticulomyxa_filosa_mito_2     0.05831 0.03615 0.05000 0.05000 0.03338 0.02784 0.06108 0.07216 0.02784 0.07216 0.09985 0.05831 0.02507 0.04169 0.04723 0.06108 0.05554 0.01123 0.03061 0.08046
Rhodopirellula_baltica_1       0.09656 0.05556 0.02116 0.05291 0.00926 0.03175 0.06614 0.10185 0.01852 0.06481 0.08730 0.05291 0.02910 0.03307 0.04762 0.04630 0.05952 0.00132 0.02910 0.09524
Rhodopirellula_baltica_2       0.08511 0.06698 0.02758 0.06619 0.00630 0.04492 0.05989 0.07801 0.01970 0.06698 0.08668 0.04334 0.02758 0.04571 0.05280 0.04492 0.06304 0.01655 0.02285 0.07486
Rhodopseudomonas_palustris_1   0.10026 0.06464 0.03430 0.05937 0.00792 0.03958 0.05541 0.08575 0.01451 0.07256 0.08575 0.05673 0.02902 0.03166 0.04222 0.04485 0.05541 0.00132 0.02770 0.09103
Rhodopseudomonas_palustris_2   0.09700 0.06230 0.02760 0.06861 0.00710 0.02997 0.06703 0.07886 0.02287 0.06782 0.08912 0.04495 0.02603 0.03312 0.04574 0.04180 0.06625 0.01814 0.02760 0.07808
Rickettsia_bellii_1            0.07628 0.04372 0.04000 0.05302 0.01023 0.04372 0.07256 0.06047 0.02512 0.07535 0.08744 0.06977 0.02977 0.05209 0.03535 0.05767 0.04372 0.00930 0.03256 0.08186
Rickettsia_bellii_2            0.08886 0.03846 0.03316 0.06897 0.00796 0.03581 0.06499 0.08621 0.01724 0.07427 0.08488 0.06101 0.02785 0.03581 0.03979 0.05836 0.07294 0.00398 0.02520 0.07427
Roseobacter_litoralis_1        0.10645 0.05726 0.03226 0.06210 0.00726 0.03790 0.05242 0.07823 0.02016 0.06129 0.07661 0.04597 0.03952 0.04274 0.04435 0.05726 0.05726 0.00968 0.02823 0.08306
