AAML (in paml version 4.10.7, June 2023)  tmp0001.txt
Model: Empirical_F,  (/data/scratch/btx126/LUCAdup_arcsin/control_files/lg.dat) dGamma (ncatG=4) ns = 246  ls = 232


Frequencies..
                                    A      R      N      D      C      Q      E      G      H      I      L      K      M      F      P      S      T      W      Y      V
Homo_sapiens_mito_1            0.09865 0.04933 0.04036 0.05830 0.02242 0.01345 0.08072 0.07623 0.04036 0.05830 0.12556 0.04036 0.02691 0.02691 0.03139 0.02242 0.07175 0.00448 0.01794 0.09417
Amphimedon_queenslandica_mito_1 0.08969 0.04933 0.03587 0.05381 0.00897 0.02691 0.07175 0.08072 0.04036 0.08969 0.10314 0.06726 0.01794 0.01345 0.02691 0.03139 0.07175 0.00000 0.02242 0.09865
Polysphondylium_pallidum_mito_1 0.08969 0.04484 0.04036 0.04933 0.00448 0.03139 0.06726 0.08969 0.03139 0.08969 0.07175 0.05830 0.02242 0.03587 0.04036 0.03139 0.06726 0.00000 0.01794 0.11659
Dictyostelium_discoideum_mito_1 0.10314 0.04484 0.02691 0.03139 0.00897 0.02691 0.09417 0.08969 0.03139 0.07623 0.08072 0.04933 0.02242 0.04036 0.04036 0.03587 0.07175 0.00000 0.01794 0.10762
Batrachochytrium_dendrobatidis_mito_1 0.09948 0.06283 0.02094 0.04712 0.01571 0.03141 0.08901 0.07853 0.03665 0.07853 0.08377 0.05236 0.03665 0.02618 0.02618 0.03141 0.07330 0.00000 0.02618 0.08377
Agaricus_bisporus_mito_1       0.10314 0.06726 0.03587 0.07175 0.01345 0.04036 0.05830 0.08072 0.03139 0.09865 0.07175 0.05381 0.03139 0.02242 0.02242 0.02691 0.06278 0.00000 0.02242 0.08520
Hydra_vulgaris_mito_1          0.09417 0.04036 0.04036 0.05381 0.01794 0.02691 0.07623 0.08969 0.03587 0.07175 0.08969 0.05830 0.03587 0.02242 0.03139 0.03139 0.07175 0.00000 0.02242 0.08969
Elusimicrobium_minutum_1       0.08444 0.04000 0.02667 0.06222 0.00444 0.03556 0.05778 0.09333 0.02667 0.07111 0.08000 0.08000 0.02222 0.03111 0.02667 0.02222 0.07111 0.00000 0.02222 0.14222
Rhodopirellula_baltica_1       0.07556 0.05778 0.02222 0.05778 0.01778 0.02222 0.08000 0.10222 0.02667 0.07111 0.06222 0.05778 0.02667 0.03556 0.02667 0.03556 0.06667 0.00000 0.02667 0.12889
Chlamydia_trachomatis_1        0.08072 0.04933 0.03139 0.04933 0.00897 0.03587 0.08072 0.08969 0.02691 0.08072 0.07175 0.05381 0.03139 0.04484 0.03587 0.02691 0.06278 0.00000 0.02242 0.11659
Galdieria_sulphuraria_mito_1   0.09417 0.05381 0.01794 0.05830 0.01345 0.02691 0.08072 0.08520 0.02691 0.04933 0.07175 0.06278 0.03139 0.04036 0.02691 0.04484 0.04933 0.00000 0.02242 0.14350
Volvox_carteri_mito_1          0.10762 0.04933 0.02691 0.05830 0.00897 0.04484 0.06726 0.08072 0.02691 0.07175 0.05830 0.05830 0.02242 0.03587 0.03587 0.04036 0.05830 0.00000 0.01794 0.13004
Chlamydomonas_reinhardtii_mito_1 0.12444 0.04000 0.02222 0.06222 0.01333 0.04444 0.06667 0.08889 0.02667 0.07556 0.05778 0.06222 0.02667 0.03556 0.03111 0.02667 0.06222 0.00000 0.01778 0.11556
Physcomitrella_patens_chloro_1 0.12195 0.04065 0.04065 0.05691 0.00813 0.04065 0.04065 0.16260 0.04065 0.07317 0.02439 0.03252 0.04065 0.02439 0.02439 0.00813 0.06504 0.00000 0.01626 0.13821
Actinomadura_madurae_1         0.08520 0.06278 0.04036 0.05830 0.01345 0.04036 0.08520 0.08072 0.02691 0.07175 0.06278 0.04036 0.03139 0.03587 0.03139 0.01794 0.06278 0.00000 0.02691 0.12556
Lentisphaera_araneosa_1        0.11211 0.05381 0.03139 0.06278 0.00448 0.03587 0.07175 0.08969 0.02691 0.08520 0.05830 0.05381 0.02691 0.03587 0.03139 0.01794 0.06726 0.00000 0.02691 0.10762
Bathycoccus_prasinos_mito_1    0.09865 0.04484 0.02691 0.06278 0.00897 0.03139 0.07623 0.08520 0.03139 0.05830 0.08520 0.05830 0.03587 0.04484 0.03139 0.03139 0.06278 0.00000 0.01794 0.10762
Fibrobacter_succinogenes_1     0.09865 0.05381 0.04484 0.06726 0.01345 0.01794 0.06726 0.08072 0.03587 0.07175 0.06726 0.05830 0.04484 0.03139 0.03139 0.01794 0.06278 0.00000 0.02242 0.11211
Oryza_sativa_mito_1            0.09417 0.04036 0.02242 0.06726 0.00897 0.02691 0.07175 0.09865 0.03139 0.04933 0.08969 0.05381 0.02242 0.04036 0.03587 0.04484 0.05830 0.00000 0.02242 0.12108
Arabidopsis_thaliana_mito_1    0.08072 0.04484 0.02691 0.06278 0.00897 0.02691 0.07623 0.09417 0.02691 0.06726 0.08969 0.05830 0.03139 0.04036 0.04036 0.03139 0.04933 0.00000 0.02242 0.12108
Physcomitrella_patens_mito_1   0.08969 0.04484 0.02242 0.05381 0.00897 0.04933 0.08520 0.08969 0.02691 0.05830 0.08969 0.05381 0.02242 0.04484 0.04036 0.02691 0.04933 0.00000 0.02242 0.12108
Volvox_carteri_chloro_1        0.08520 0.03587 0.04036 0.06726 0.00448 0.03139 0.07623 0.08520 0.02691 0.07623 0.06726 0.05830 0.02691 0.02691 0.02691 0.01794 0.08520 0.00000 0.02242 0.13901
Chlamydomonas_reinhardtii_chloro_1 0.08969 0.04036 0.04484 0.06726 0.00448 0.03139 0.07623 0.08520 0.02691 0.07175 0.07175 0.05381 0.02691 0.02691 0.02691 0.01794 0.07623 0.00000 0.02242 0.13901
Melainabacteria_bacterium_1    0.10314 0.04933 0.02691 0.07175 0.00897 0.03139 0.06726 0.08969 0.02691 0.06726 0.06726 0.04933 0.03139 0.03139 0.03587 0.01794 0.07175 0.00000 0.02242 0.13004
Bathycoccus_prasinos_chloro_1  0.07623 0.04036 0.02691 0.06278 0.00448 0.03587 0.07623 0.08969 0.03139 0.06726 0.06278 0.04484 0.03587 0.03139 0.02691 0.05381 0.06278 0.00000 0.02242 0.14798
Ectocarpus_siliculosus_chloro_1 0.09417 0.04036 0.02691 0.06278 0.00448 0.03139 0.07623 0.09417 0.03139 0.08520 0.07623 0.04933 0.03139 0.03587 0.02242 0.03587 0.07175 0.00000 0.02242 0.10762
Thalassiosira_pseudonana_chloro_1 0.09417 0.04933 0.03587 0.05381 0.00448 0.03139 0.08520 0.09417 0.03139 0.07623 0.06278 0.03587 0.02691 0.03587 0.02242 0.02242 0.08072 0.00000 0.02691 0.13004
Cyanobium_gracile_1            0.09865 0.04484 0.02242 0.05830 0.00897 0.02242 0.08520 0.09865 0.02691 0.07175 0.07623 0.06726 0.04036 0.03139 0.02691 0.02242 0.05830 0.00000 0.02242 0.11659
Pseudanabaena_biceps_1         0.09417 0.04484 0.02691 0.06726 0.00448 0.03139 0.08072 0.09417 0.02691 0.07175 0.08520 0.05381 0.03139 0.03139 0.02691 0.03139 0.06278 0.00000 0.02242 0.11211
Gloeobacter_violaceus_1        0.09417 0.04484 0.03139 0.05830 0.00448 0.03139 0.08520 0.09417 0.02691 0.07623 0.07623 0.05830 0.03139 0.03139 0.02691 0.02691 0.05830 0.00000 0.02242 0.12108
Chlorogloeopsis_fritschii_1    0.09865 0.04933 0.03139 0.06278 0.00448 0.02691 0.08072 0.09417 0.02691 0.07623 0.07175 0.04484 0.03139 0.03139 0.02691 0.03587 0.06278 0.00000 0.02242 0.12108
Cylindrospermopsis_raciborskii_1 0.08969 0.04036 0.03587 0.06278 0.00448 0.02691 0.08072 0.10314 0.02691 0.06278 0.07175 0.05381 0.03587 0.03139 0.03139 0.02242 0.06726 0.00000 0.02242 0.13004
Leptolyngbya_valderiana_1      0.10314 0.04484 0.02242 0.06278 0.00897 0.03587 0.08969 0.08969 0.02691 0.06726 0.06726 0.05381 0.03139 0.03139 0.02691 0.01794 0.06278 0.00000 0.02242 0.13453
Synechocystis_sp._PCC_6803_1   0.09865 0.04036 0.03139 0.05381 0.00448 0.02242 0.09417 0.08969 0.02691 0.07623 0.07175 0.07175 0.03587 0.03139 0.02691 0.02242 0.05830 0.00000 0.02242 0.12108
Galdieria_sulphuraria_chloro_1 0.09417 0.04036 0.04036 0.06278 0.00448 0.03587 0.08520 0.08969 0.02691 0.09865 0.07175 0.04933 0.02691 0.03139 0.02691 0.02691 0.05830 0.00000 0.02242 0.10762
Chondrus_crispus_chloro_1      0.09417 0.04036 0.03139 0.06278 0.00448 0.03587 0.07623 0.08969 0.02691 0.09865 0.07175 0.04933 0.03139 0.03139 0.02242 0.03139 0.07175 0.00000 0.02242 0.10762
Cyanidioschyzon_merolae_chloro_1 0.08969 0.04933 0.02691 0.05381 0.00897 0.02242 0.07623 0.08969 0.02691 0.07623 0.06726 0.05381 0.03139 0.03139 0.02691 0.03139 0.07175 0.00000 0.02691 0.13901
Oryza_sativa_chloro_1          0.09417 0.04484 0.02691 0.08520 0.00897 0.03139 0.05381 0.08969 0.02242 0.06726 0.06726 0.05830 0.03587 0.03139 0.03139 0.02242 0.07175 0.00000 0.02242 0.13453
Arabidopsis_thaliana_chloro_1  0.10762 0.04484 0.02242 0.06726 0.00897 0.03139 0.07175 0.09417 0.02242 0.07175 0.08520 0.04484 0.02691 0.03139 0.02691 0.01794 0.06726 0.00000 0.02242 0.13453
Campylobacter_jejuni_1         0.08969 0.04484 0.03587 0.06726 0.00448 0.01794 0.08072 0.08520 0.02691 0.08520 0.05381 0.05381 0.04036 0.03139 0.02691 0.04036 0.06278 0.00000 0.02691 0.12556
Caldisericum_exile_1           0.08520 0.05381 0.03139 0.06278 0.00448 0.02242 0.07623 0.08520 0.03587 0.09417 0.06726 0.05381 0.03587 0.03139 0.03587 0.01345 0.07175 0.00000 0.02242 0.11659
Acidobacterium_capsulatum_1    0.09865 0.04933 0.02691 0.05381 0.00897 0.02242 0.09865 0.10314 0.02691 0.07623 0.06726 0.05381 0.03587 0.03587 0.03139 0.01794 0.06278 0.00000 0.02691 0.10314
Clostridium_acetobutylicum_1   0.09417 0.04933 0.03139 0.05830 0.00448 0.02691 0.08520 0.09417 0.02691 0.06726 0.06726 0.05381 0.03139 0.03587 0.01794 0.02691 0.07175 0.00000 0.02691 0.13004
Dictyoglomus_turgidum_1        0.09417 0.05381 0.02691 0.07175 0.00000 0.02691 0.07175 0.08072 0.03139 0.09417 0.06278 0.07175 0.03139 0.03587 0.03139 0.01794 0.05381 0.00000 0.02691 0.11659
Chlorobium_phaeovibrioides_1   0.09865 0.05381 0.03587 0.06726 0.00448 0.02242 0.08969 0.08072 0.02691 0.08520 0.07623 0.05830 0.03139 0.03587 0.03139 0.01345 0.06726 0.00000 0.02242 0.09865
Rickettsia_bellii_1            0.09865 0.04036 0.02691 0.06278 0.00448 0.03139 0.07623 0.08520 0.02691 0.06278 0.06278 0.06726 0.03587 0.03587 0.03139 0.04484 0.04933 0.00000 0.02242 0.13453
Verrucomicrobium_spinosum_1    0.09417 0.05830 0.02691 0.07623 0.00448 0.01794 0.07623 0.08072 0.02691 0.06726 0.05830 0.06278 0.04036 0.03587 0.02691 0.02691 0.06278 0.00000 0.02242 0.13453
Sphingopyxis_alaskensis_1      0.10762 0.04933 0.02242 0.05830 0.00448 0.03139 0.08520 0.08969 0.02691 0.05830 0.07175 0.04484 0.02691 0.03587 0.03139 0.03587 0.06278 0.00000 0.02242 0.13453
Jidaibacter_acanthamoeba_1     0.08520 0.04484 0.03139 0.06726 0.00897 0.03587 0.07623 0.09417 0.02691 0.07175 0.07175 0.05830 0.02691 0.03587 0.03139 0.02691 0.04933 0.00000 0.02242 0.13453
Roseobacter_litoralis_1        0.11659 0.05830 0.03587 0.06278 0.00448 0.02242 0.07623 0.09865 0.02691 0.08072 0.05830 0.03587 0.03587 0.04036 0.03139 0.02242 0.05830 0.00000 0.02242 0.11211
Rhodopseudomonas_palustris_1   0.10762 0.05381 0.02242 0.04933 0.00897 0.02691 0.08520 0.08969 0.03139 0.07175 0.06726 0.05830 0.03587 0.03587 0.03139 0.02691 0.05830 0.00000 0.02242 0.11659
Jonquetella_anthropi_1         0.09417 0.04036 0.02691 0.07175 0.01345 0.01794 0.09417 0.08072 0.02691 0.08969 0.06278 0.07175 0.03139 0.04036 0.03139 0.03139 0.04484 0.00000 0.02242 0.10762
Oscillochloris_trichoides_1    0.08520 0.06278 0.02691 0.06278 0.00897 0.03587 0.07623 0.08969 0.02691 0.08969 0.05830 0.04933 0.03587 0.03139 0.04036 0.01794 0.05830 0.00000 0.02242 0.12108
Chloroflexus_1                 0.08969 0.06278 0.03139 0.05830 0.00897 0.03139 0.07623 0.08520 0.02691 0.08520 0.06278 0.04933 0.03139 0.03139 0.03587 0.01794 0.06726 0.00000 0.02242 0.12556
Cloacimonas_acidaminovorans_1  0.09417 0.05381 0.02242 0.07175 0.00897 0.03139 0.06726 0.09417 0.02691 0.08072 0.06726 0.05830 0.03139 0.03587 0.03139 0.02242 0.06278 0.00000 0.02242 0.11659
Caldithrix_abyssi_1            0.08969 0.05381 0.03139 0.06726 0.00448 0.03587 0.09417 0.08520 0.03139 0.07623 0.07623 0.04933 0.02691 0.03587 0.02691 0.01345 0.05830 0.00000 0.02242 0.12108
Kosmotoga_olearia_1            0.09417 0.04933 0.03139 0.06726 0.00897 0.01794 0.07623 0.08969 0.03139 0.08969 0.05830 0.06278 0.03587 0.02691 0.03139 0.01345 0.05830 0.00000 0.02691 0.13004
Aquifex_aeolicus_1             0.08520 0.06278 0.03587 0.06278 0.00897 0.02242 0.08072 0.08520 0.02691 0.06278 0.08072 0.04484 0.02691 0.03587 0.04036 0.02691 0.04484 0.00000 0.02691 0.13901
Thermodesulfovibrio_islandicus_1 0.08969 0.05381 0.03587 0.06278 0.00448 0.01345 0.08520 0.09417 0.02691 0.08072 0.07175 0.05381 0.03139 0.03587 0.03139 0.01794 0.06278 0.00000 0.02691 0.12108
Thermodesulfatator_indicus_1   0.08072 0.05830 0.02691 0.05830 0.00448 0.03139 0.08072 0.08969 0.02691 0.08072 0.06726 0.06278 0.03139 0.04036 0.04036 0.01345 0.05830 0.00000 0.02242 0.12556
Bodo_saltans_1                 0.08072 0.04484 0.02691 0.05381 0.02691 0.02691 0.06278 0.09417 0.03139 0.07623 0.07175 0.06278 0.03587 0.03587 0.02242 0.05830 0.04933 0.00000 0.01345 0.12556
Oryza_sativa_1                 0.07623 0.05830 0.03139 0.05381 0.01794 0.01794 0.07623 0.08520 0.02691 0.08969 0.08969 0.06278 0.03139 0.02691 0.03139 0.04933 0.04484 0.00000 0.00897 0.12108
Heimdallarchaeota_archaeon_LC_3_1 0.06787 0.04072 0.03620 0.05882 0.00452 0.03620 0.02715 0.09050 0.03167 0.10860 0.07692 0.05430 0.02715 0.03167 0.02715 0.06787 0.05430 0.00452 0.01357 0.14027
Arabidopsis_thaliana_1         0.07175 0.03587 0.03139 0.05830 0.02691 0.01794 0.04036 0.08520 0.03139 0.07175 0.08072 0.07175 0.04036 0.03139 0.04036 0.04933 0.07623 0.00448 0.01794 0.11659
Physcomitrella_patens_1        0.08072 0.04036 0.03139 0.05830 0.03139 0.01794 0.04036 0.08520 0.03587 0.08072 0.07175 0.06726 0.04036 0.03139 0.04484 0.03587 0.07623 0.00448 0.01794 0.10762
Polysphondylium_pallidum_1     0.09955 0.03620 0.03167 0.05882 0.01357 0.03620 0.03620 0.07692 0.03620 0.10407 0.07692 0.06787 0.03620 0.03167 0.04977 0.03620 0.07240 0.00905 0.01810 0.07240
Dictyostelium_discoideum_1     0.08520 0.04484 0.02691 0.04933 0.01794 0.02242 0.04933 0.08072 0.03587 0.08969 0.06278 0.07175 0.03587 0.03139 0.04933 0.04036 0.06726 0.00897 0.01345 0.11659
Leishmania_major_1             0.08520 0.04484 0.03139 0.07623 0.02691 0.03139 0.03139 0.08969 0.03587 0.06726 0.07623 0.06726 0.03587 0.03139 0.04036 0.03139 0.05830 0.00897 0.00897 0.12108
Paramecium_tetraurelia_1       0.08571 0.04286 0.03333 0.06190 0.02857 0.02857 0.04286 0.07143 0.02857 0.07143 0.09048 0.07143 0.03810 0.02857 0.05238 0.03333 0.05714 0.00952 0.02381 0.10000
Galdieria_sulphuraria_1        0.07207 0.04505 0.01802 0.05856 0.01351 0.02252 0.04505 0.08559 0.03604 0.07658 0.09009 0.07207 0.03153 0.03153 0.05405 0.04054 0.06306 0.00901 0.01802 0.11712
Cyanidioschyzon_merolae_1      0.08072 0.04933 0.02242 0.05830 0.01794 0.01794 0.04484 0.08520 0.03139 0.07175 0.08969 0.07175 0.03139 0.03139 0.05381 0.03587 0.05830 0.00897 0.01794 0.12108
Hydra_vulgaris_1               0.08072 0.04036 0.03139 0.05381 0.02242 0.02242 0.04036 0.08072 0.04036 0.09865 0.08072 0.06726 0.02691 0.02691 0.04484 0.04933 0.05830 0.00897 0.00897 0.11659
Saccharomyces_cerevisiae_1     0.07175 0.04484 0.04036 0.04933 0.02242 0.02691 0.04036 0.09417 0.03139 0.08072 0.06726 0.06278 0.02242 0.03587 0.04036 0.04933 0.06278 0.00897 0.00448 0.14350
Batrachochytrium_dendrobatidis_1 0.06726 0.04484 0.04036 0.05381 0.02242 0.01345 0.03139 0.09417 0.04036 0.08520 0.07623 0.06278 0.03139 0.03139 0.04036 0.04933 0.06726 0.00897 0.00897 0.13004
Agaricus_bisporus_1            0.08520 0.04484 0.03139 0.05830 0.01794 0.02691 0.03139 0.09865 0.03587 0.09417 0.07175 0.06278 0.02691 0.03139 0.03587 0.04036 0.07623 0.00897 0.00448 0.11659
Amphimedon_queenslandica_1     0.08520 0.03587 0.03139 0.04933 0.01794 0.01794 0.04036 0.08969 0.03587 0.07623 0.08072 0.07175 0.02242 0.03139 0.04036 0.04036 0.06726 0.00897 0.01794 0.13901
Limulus_polyphemus_1           0.08072 0.04036 0.03139 0.05381 0.01794 0.02242 0.04484 0.08969 0.03139 0.06726 0.08072 0.06726 0.02242 0.02242 0.04036 0.03587 0.08520 0.00897 0.02242 0.13453
Homo_sapiens_1                 0.08969 0.04036 0.03139 0.05830 0.01794 0.01794 0.03587 0.09417 0.03139 0.07175 0.08072 0.06278 0.02691 0.02242 0.04036 0.04484 0.06726 0.00897 0.01794 0.13901
Lokiarchaeum_sp._GC14_75_1     0.09865 0.03587 0.03139 0.07175 0.00897 0.03587 0.04484 0.08072 0.03587 0.10314 0.07175 0.07623 0.03587 0.02691 0.03139 0.03587 0.05830 0.00448 0.01345 0.09865
Heimdallarchaeota_archaeon_AB_125_1 0.08969 0.05381 0.02691 0.08520 0.00448 0.02691 0.03587 0.08072 0.03139 0.08969 0.07623 0.06278 0.04036 0.03139 0.04036 0.02242 0.07175 0.00000 0.01345 0.11659
Cenarchaeum_symbiosum_1        0.07623 0.04484 0.03139 0.06726 0.00897 0.02242 0.06278 0.08520 0.03587 0.10762 0.06726 0.07623 0.04484 0.03587 0.04933 0.03587 0.06726 0.00448 0.00448 0.07175
Nitrosoarchaeum_limnia_1       0.08969 0.04933 0.02691 0.05830 0.00897 0.03139 0.05830 0.08520 0.03587 0.12108 0.06278 0.08072 0.04036 0.03587 0.04036 0.02691 0.06726 0.00448 0.00448 0.07175
Nitrosopumilus_maritimus_1     0.09417 0.04484 0.03139 0.06726 0.00448 0.02242 0.06278 0.08072 0.03587 0.09865 0.06726 0.08520 0.04036 0.03587 0.04036 0.03139 0.06278 0.00448 0.00448 0.08520
Korarchaeum_cryptofilum_1      0.07556 0.04889 0.02222 0.07111 0.00444 0.03111 0.06222 0.08444 0.04444 0.09333 0.08000 0.06667 0.02667 0.03111 0.04889 0.02667 0.05778 0.00000 0.00889 0.11556
Thorarchaeota_archaeon_SMTZ1-45_1 0.07623 0.04484 0.02691 0.07623 0.01794 0.03587 0.04484 0.08520 0.03587 0.06278 0.08520 0.05830 0.03587 0.03139 0.04484 0.02691 0.06726 0.00000 0.01794 0.12556
Haloarcula_marismortui_1       0.08969 0.04484 0.03587 0.08072 0.01345 0.04036 0.06726 0.08520 0.04036 0.06726 0.08072 0.03587 0.02242 0.03587 0.04036 0.03139 0.06278 0.00000 0.00448 0.12108
Methanopyrus_kandleri_1        0.09865 0.05381 0.02242 0.07175 0.01794 0.03139 0.07623 0.07623 0.04036 0.08520 0.07623 0.04036 0.02691 0.04036 0.03587 0.02242 0.06726 0.00000 0.00448 0.11211
Methanothermobacter_thermautotrophicus_1 0.09417 0.04933 0.03139 0.07175 0.01794 0.03139 0.06726 0.08072 0.04036 0.08072 0.07623 0.04933 0.02691 0.04036 0.03587 0.02242 0.05381 0.00000 0.00448 0.12556
Pyrococcus_furiosus_1          0.09417 0.05381 0.02691 0.05830 0.00000 0.02242 0.05830 0.07175 0.04484 0.11659 0.07175 0.05830 0.03139 0.02691 0.04484 0.02691 0.06278 0.00448 0.00897 0.11659
Methanocaldococcus_jannaschii_1 0.09375 0.04464 0.02679 0.07143 0.01339 0.04018 0.05357 0.07143 0.03571 0.08929 0.05804 0.07589 0.03125 0.03125 0.04464 0.02232 0.06250 0.00000 0.00446 0.12946
Archaeoglobus_fulgidus_1       0.08520 0.06726 0.02242 0.07175 0.00897 0.03139 0.05381 0.07623 0.04036 0.08969 0.07175 0.04933 0.03587 0.03139 0.04036 0.02691 0.04933 0.00000 0.02242 0.12556
Thermoplasma_volcanium_1       0.09778 0.05333 0.02667 0.06667 0.01333 0.03556 0.04889 0.08000 0.04000 0.07556 0.08444 0.06667 0.01778 0.03556 0.05333 0.02222 0.05778 0.00000 0.01333 0.11111
Methanomassiliicoccus_luminyensis_1 0.08520 0.04933 0.02691 0.06726 0.01345 0.03587 0.04484 0.07623 0.04036 0.08072 0.06726 0.06278 0.04484 0.04036 0.04484 0.03587 0.06726 0.00000 0.00897 0.10762
Methanosarcina_mazei_1         0.08969 0.04933 0.02691 0.06278 0.01794 0.03139 0.04933 0.08520 0.04484 0.09417 0.04484 0.05381 0.04933 0.03587 0.04484 0.04036 0.05381 0.00448 0.00897 0.11211
Odinarchaeota_archaeon_LCB_4_1 0.09865 0.06278 0.02691 0.06278 0.00897 0.02691 0.06278 0.07623 0.03139 0.07175 0.08072 0.06278 0.03139 0.03587 0.04484 0.02242 0.05381 0.00448 0.01345 0.12108
Caldivirga_maquilingensis_1    0.08520 0.06726 0.02242 0.05381 0.00000 0.01794 0.06278 0.08520 0.04036 0.08072 0.09865 0.05381 0.03139 0.02242 0.04036 0.03139 0.05381 0.00448 0.00448 0.14350
Caldiarchaeum_subterraneum_1   0.08072 0.05381 0.02691 0.05381 0.00000 0.05381 0.04036 0.08520 0.03587 0.09865 0.08969 0.04933 0.02691 0.03139 0.04036 0.04484 0.04933 0.00448 0.02242 0.11211
Thermofilum_pendens_1          0.07623 0.05381 0.02691 0.06278 0.00000 0.02691 0.04933 0.08072 0.03587 0.08969 0.08969 0.06278 0.02242 0.04484 0.04484 0.02691 0.06278 0.00448 0.01794 0.12108
Sulfolobus_solfataricus_1      0.07175 0.05381 0.02691 0.07175 0.00897 0.01794 0.04484 0.07623 0.03587 0.08520 0.06726 0.08072 0.04036 0.04484 0.04036 0.03139 0.05830 0.00448 0.00897 0.13004
Staphylothermus_marinus_1      0.08072 0.06726 0.02242 0.05830 0.00000 0.01345 0.04036 0.08072 0.03587 0.08969 0.07175 0.06726 0.03139 0.04036 0.03587 0.03587 0.07175 0.00897 0.00897 0.13901
Ignicoccus_hospitalis_1        0.08520 0.04484 0.02242 0.06726 0.00000 0.02242 0.04036 0.08072 0.03587 0.09417 0.05381 0.07623 0.04484 0.04484 0.04036 0.03587 0.06726 0.00897 0.00897 0.12556
Aeropyrum_pernix_1             0.07175 0.05830 0.02242 0.05830 0.00000 0.03139 0.04484 0.08072 0.03139 0.08072 0.05830 0.07175 0.04036 0.04484 0.04036 0.04933 0.05381 0.00897 0.00897 0.14350
Hyperthermus_butylicus_1       0.08969 0.05830 0.02242 0.06278 0.00000 0.02691 0.03587 0.07623 0.03587 0.09417 0.06278 0.07175 0.03587 0.04933 0.04036 0.03587 0.06278 0.00897 0.00897 0.12108
Rhodopirellula_baltica_2       0.06787 0.05882 0.04072 0.06787 0.01357 0.03167 0.08145 0.07692 0.02262 0.09050 0.07240 0.05882 0.03167 0.03620 0.04525 0.04977 0.06335 0.00000 0.02715 0.06335
Fibrobacter_succinogenes_2     0.06335 0.05882 0.03620 0.06335 0.01357 0.02262 0.08145 0.07692 0.02262 0.08145 0.07692 0.05430 0.04072 0.04072 0.03620 0.05430 0.06787 0.00000 0.01357 0.09502
Treponema_pallidum_2           0.05882 0.05882 0.02715 0.07240 0.01357 0.02715 0.07692 0.07240 0.01810 0.08597 0.08597 0.04525 0.01357 0.04977 0.05430 0.07692 0.06335 0.00000 0.00905 0.09050
Cloacimonas_acidaminovorans_2  0.06757 0.06757 0.04054 0.07658 0.00901 0.02252 0.06306 0.08559 0.01802 0.10811 0.06757 0.04505 0.02703 0.03604 0.04054 0.04505 0.09009 0.00450 0.01351 0.07207
Lentisphaera_araneosa_2        0.10050 0.04020 0.04020 0.07035 0.01005 0.03015 0.07538 0.06030 0.01005 0.09548 0.06030 0.05025 0.02513 0.04020 0.02513 0.06533 0.09548 0.00503 0.01508 0.08543
Caldisericum_exile_2           0.08108 0.04505 0.03153 0.07658 0.00000 0.01802 0.06757 0.05856 0.02252 0.10360 0.06306 0.06306 0.02252 0.03153 0.04505 0.05405 0.07658 0.00450 0.02703 0.10811
Actinomadura_madurae_2         0.13636 0.06364 0.01818 0.06818 0.00909 0.01818 0.07273 0.08182 0.02273 0.07727 0.08182 0.02727 0.01818 0.03636 0.05000 0.05455 0.06364 0.00000 0.00909 0.09091
Latescibacteria_bacterium_2    0.09459 0.07658 0.03153 0.05405 0.00901 0.01802 0.10360 0.06757 0.01351 0.07658 0.05856 0.04955 0.01802 0.03604 0.04505 0.04054 0.07658 0.00450 0.01802 0.10811
Elusimicrobium_minutum_2       0.09910 0.04955 0.02252 0.06306 0.00901 0.03604 0.09910 0.06306 0.01802 0.09459 0.07207 0.06757 0.01351 0.03604 0.03604 0.04505 0.07207 0.00450 0.02703 0.07207
Chlamydia_trachomatis_2        0.08559 0.04505 0.02703 0.06757 0.00450 0.01802 0.09459 0.06757 0.01351 0.09459 0.06757 0.05856 0.03604 0.03604 0.04054 0.06757 0.08108 0.00450 0.00901 0.08108
Kosmotoga_olearia_2            0.08559 0.03604 0.03604 0.07207 0.00000 0.02252 0.07658 0.06306 0.01351 0.09009 0.05856 0.06306 0.04505 0.03153 0.04054 0.06306 0.07658 0.00450 0.02252 0.09910
Cyanidioschyzon_merolae_mito_2 0.09459 0.08559 0.02703 0.08108 0.01351 0.01802 0.08559 0.05856 0.01351 0.09910 0.04054 0.04505 0.02252 0.04505 0.04054 0.06306 0.07658 0.00000 0.01351 0.07658
Volvox_carteri_mito_2          0.09459 0.05856 0.04054 0.07658 0.01802 0.02252 0.07207 0.07207 0.01351 0.09009 0.06757 0.05856 0.02252 0.04955 0.03604 0.04955 0.05856 0.00450 0.01351 0.08108
Chlamydomonas_reinhardtii_mito_2 0.10360 0.05856 0.04054 0.08108 0.01802 0.02252 0.06757 0.07207 0.01351 0.08559 0.06757 0.05856 0.02252 0.04955 0.03604 0.04505 0.05856 0.00450 0.01351 0.08108
Bathycoccus_prasinos_mito_2    0.09459 0.04505 0.03153 0.08559 0.02252 0.01351 0.07658 0.07207 0.01802 0.07207 0.05856 0.06757 0.04054 0.04505 0.04054 0.04505 0.06757 0.00450 0.01802 0.08108
Oryza_sativa_mito_2            0.09865 0.05381 0.02691 0.08520 0.00897 0.02242 0.06726 0.07175 0.02242 0.08969 0.07623 0.04933 0.02242 0.04484 0.04036 0.04933 0.07175 0.00448 0.01345 0.08072
Physcomitrella_patens_mito_2   0.09459 0.05405 0.02703 0.08108 0.00901 0.02252 0.07207 0.07658 0.01802 0.08108 0.08559 0.05405 0.02252 0.04505 0.04054 0.04955 0.07658 0.00450 0.01351 0.07207
Galdieria_sulphuraria_mito_2   0.08559 0.07658 0.02252 0.07658 0.00450 0.02252 0.09009 0.06757 0.02703 0.07658 0.06757 0.05405 0.02252 0.04505 0.03604 0.05405 0.06757 0.00450 0.00901 0.09009
Chondrus_crispus_mito_2        0.09009 0.06757 0.02703 0.09009 0.01351 0.02252 0.08108 0.06306 0.01351 0.07207 0.04955 0.04505 0.03604 0.04054 0.04054 0.06306 0.09009 0.00450 0.00901 0.08108
Ectocarpus_siliculosus_mito_2  0.10811 0.06306 0.03153 0.08108 0.01351 0.01802 0.06757 0.07207 0.01351 0.06757 0.06306 0.05856 0.03604 0.04505 0.03604 0.04054 0.09009 0.00450 0.00901 0.08108
Thalassiosira_pseudonana_mito_2 0.10360 0.05856 0.01802 0.08108 0.00450 0.00901 0.08108 0.07207 0.01351 0.06757 0.07658 0.05856 0.02703 0.04054 0.03604 0.04955 0.10360 0.00450 0.01351 0.08108
Roseobacter_litoralis_2        0.10360 0.04955 0.03153 0.08559 0.00450 0.02252 0.08108 0.07658 0.01351 0.09009 0.07207 0.05856 0.04505 0.03153 0.03153 0.04955 0.08108 0.00450 0.00901 0.05856
Rhodopseudomonas_palustris_2   0.09009 0.05856 0.03604 0.08108 0.00901 0.02703 0.07658 0.07207 0.01351 0.08559 0.08108 0.05405 0.01802 0.03604 0.03604 0.06306 0.06757 0.00450 0.01351 0.07658
Sphingopyxis_alaskensis_2      0.10360 0.05405 0.01802 0.08108 0.00450 0.01802 0.07658 0.06757 0.01802 0.07207 0.08108 0.05405 0.02703 0.03604 0.03604 0.06757 0.09009 0.00450 0.01351 0.07658
Jidaibacter_acanthamoeba_2     0.11261 0.04955 0.02252 0.09009 0.00450 0.02252 0.07207 0.06757 0.01802 0.08108 0.06306 0.05405 0.03604 0.03604 0.03604 0.04505 0.08108 0.00450 0.00901 0.09459
Rickettsia_bellii_2            0.09459 0.04505 0.03604 0.08559 0.00901 0.02252 0.07658 0.07207 0.01351 0.08559 0.05405 0.06306 0.02703 0.04505 0.04054 0.04955 0.09459 0.00450 0.00901 0.07207
Jonquetella_anthropi_2         0.10360 0.05405 0.03153 0.07658 0.00901 0.01802 0.07207 0.06757 0.02252 0.06306 0.06306 0.04955 0.03604 0.03604 0.04955 0.05405 0.08108 0.00901 0.01351 0.09009
Oscillochloris_trichoides_2    0.05856 0.05405 0.02252 0.08108 0.00901 0.03153 0.07658 0.08108 0.01802 0.08559 0.05405 0.05405 0.02703 0.04505 0.04955 0.04955 0.07658 0.00450 0.02252 0.09910
Chloroflexus_2                 0.07658 0.05405 0.02703 0.07658 0.00901 0.02252 0.08108 0.07207 0.01802 0.08559 0.05405 0.05856 0.02703 0.04054 0.05405 0.03604 0.08108 0.00450 0.02703 0.09459
Cyanobium_gracile_2            0.07658 0.05856 0.03153 0.08559 0.00901 0.02252 0.08108 0.06757 0.01351 0.06306 0.06757 0.05405 0.03153 0.03153 0.04505 0.05405 0.08108 0.00450 0.01351 0.10811
Pseudanabaena_biceps_2         0.09910 0.06306 0.02703 0.07658 0.00450 0.01802 0.07658 0.06306 0.01351 0.07207 0.07658 0.04955 0.03153 0.03153 0.04955 0.05405 0.07207 0.00450 0.01351 0.10360
Synechocystis_sp._PCC_6803_2   0.09459 0.05856 0.02703 0.08108 0.00450 0.03604 0.08108 0.06306 0.01802 0.07658 0.07658 0.03153 0.01802 0.02703 0.04505 0.05856 0.07207 0.00450 0.01351 0.11261
Gloeobacter_violaceus_2        0.09009 0.06757 0.03604 0.08108 0.00450 0.02703 0.06757 0.05856 0.01802 0.08108 0.08559 0.04054 0.02252 0.02703 0.04054 0.05405 0.08559 0.00450 0.01351 0.09459
Chlorogloeopsis_fritschii_2    0.08559 0.06757 0.03153 0.08108 0.00450 0.01802 0.08108 0.05856 0.01351 0.08559 0.08108 0.04955 0.02252 0.02252 0.04505 0.05856 0.07658 0.00450 0.01351 0.09910
Cylindrospermopsis_raciborskii_2 0.09459 0.05856 0.02252 0.08108 0.00901 0.02703 0.08559 0.05856 0.01351 0.07207 0.07207 0.04955 0.03604 0.02703 0.04505 0.06306 0.07207 0.00450 0.01351 0.09459
Acidobacterium_capsulatum_2    0.09009 0.05405 0.02703 0.08559 0.00901 0.01351 0.07658 0.06757 0.01351 0.07207 0.07658 0.07207 0.02252 0.03604 0.04505 0.04955 0.08559 0.00000 0.01802 0.08559
Clostridium_acetobutylicum_2   0.09910 0.03604 0.03604 0.07207 0.00000 0.02703 0.08559 0.06306 0.01802 0.07658 0.07207 0.05405 0.04955 0.02703 0.04054 0.04054 0.09459 0.00450 0.02252 0.08108
Chthonomonas_calidirosea_2     0.10811 0.05856 0.03153 0.07207 0.01351 0.02252 0.07658 0.06757 0.01802 0.09459 0.05856 0.04505 0.02252 0.03604 0.04505 0.03604 0.09009 0.00450 0.01802 0.08108
Caldithrix_abyssi_2            0.09009 0.05405 0.02703 0.06757 0.00450 0.02252 0.09459 0.06757 0.02703 0.08559 0.05856 0.04955 0.04054 0.03604 0.04054 0.04955 0.08559 0.00450 0.01351 0.08108
Thermodesulfatator_indicus_2   0.09910 0.05856 0.02252 0.06757 0.00901 0.01802 0.08559 0.06757 0.01802 0.10360 0.06306 0.04955 0.02703 0.03153 0.04505 0.04054 0.09009 0.00000 0.01802 0.08559
Thermodesulfovibrio_islandicus_2 0.09009 0.04054 0.02703 0.06757 0.00450 0.01802 0.09009 0.06306 0.01351 0.11712 0.05856 0.06306 0.03153 0.03604 0.04054 0.07207 0.07658 0.00450 0.01802 0.06757
Chlorobium_phaeovibrioides_2   0.10811 0.05405 0.03153 0.07207 0.00450 0.01351 0.07658 0.07658 0.01351 0.09009 0.06306 0.06306 0.02703 0.03153 0.04054 0.04054 0.08108 0.00450 0.02703 0.08108
Gemmatimonas_aurantiaca_2      0.10360 0.07207 0.02703 0.08108 0.00450 0.01802 0.08108 0.05405 0.01351 0.07658 0.05856 0.04054 0.04054 0.03604 0.04054 0.06306 0.08559 0.00450 0.01802 0.08108
Desulfurispirillum_indicum_2   0.08559 0.05856 0.02252 0.07207 0.00901 0.02703 0.07658 0.06306 0.01802 0.08559 0.06306 0.05856 0.02703 0.04054 0.04054 0.06757 0.07207 0.00450 0.02252 0.08559
Campylobacter_jejuni_2         0.08559 0.05405 0.03153 0.06757 0.00901 0.02252 0.08559 0.08559 0.01351 0.07207 0.06757 0.06306 0.02703 0.03604 0.03153 0.06306 0.06306 0.00450 0.02252 0.09459
Heimdallarchaeota_archaeon_AB_125_2 0.02703 0.04955 0.04505 0.05856 0.01351 0.03153 0.05405 0.07207 0.02252 0.12162 0.09459 0.06306 0.01351 0.02703 0.03153 0.10360 0.05856 0.00000 0.00901 0.10360
Thorarchaeota_archaeon_AB_25_2 0.07207 0.05856 0.03153 0.06757 0.00901 0.01802 0.07207 0.07207 0.01802 0.08108 0.10360 0.03604 0.02252 0.02703 0.05405 0.06306 0.07658 0.00450 0.01351 0.09910
Elphidium_margaritaceum_2      0.08597 0.03620 0.02715 0.06787 0.02715 0.03167 0.04977 0.06335 0.02262 0.08597 0.09050 0.06335 0.03167 0.02262 0.04525 0.07692 0.05882 0.00000 0.01357 0.09955
Paramecium_tetraurelia_2       0.06787 0.04072 0.03167 0.06787 0.01810 0.03620 0.04977 0.06335 0.02262 0.08597 0.07240 0.05882 0.03167 0.00905 0.05430 0.06335 0.07692 0.00000 0.01810 0.13122
Bodo_saltans_2                 0.09955 0.05882 0.03167 0.05882 0.02715 0.02715 0.04525 0.05430 0.02262 0.08597 0.06335 0.05430 0.03167 0.01810 0.04525 0.06787 0.05430 0.00000 0.01810 0.13575
Leishmania_major_2             0.09502 0.06335 0.03167 0.05882 0.02262 0.02262 0.04525 0.05430 0.02262 0.07692 0.06335 0.04977 0.04072 0.01810 0.04525 0.07692 0.05430 0.00000 0.01810 0.14027
Chondrus_crispus_2             0.08145 0.05430 0.02715 0.06787 0.00905 0.02262 0.04525 0.06335 0.02262 0.07692 0.08145 0.04525 0.04072 0.01810 0.04977 0.08145 0.09050 0.00000 0.00905 0.11312
Galdieria_sulphuraria_2        0.07240 0.04977 0.03167 0.05430 0.02262 0.01357 0.07240 0.05882 0.02262 0.07240 0.08597 0.04977 0.03167 0.00905 0.05430 0.07692 0.07692 0.00000 0.02262 0.12217
Cyanidioschyzon_merolae_2      0.08597 0.05882 0.03167 0.06335 0.01357 0.01357 0.05882 0.05882 0.02262 0.06335 0.09050 0.04977 0.03167 0.01810 0.05430 0.06335 0.08145 0.00000 0.01810 0.12217
Bathycoccus_prasinos_2         0.07692 0.05882 0.03620 0.07240 0.03167 0.04525 0.04525 0.04977 0.02262 0.07692 0.07240 0.04525 0.03167 0.01810 0.04072 0.07240 0.08145 0.00000 0.01357 0.10860
Volvox_carteri_2               0.09955 0.06335 0.03167 0.05882 0.02715 0.03167 0.05882 0.04525 0.02262 0.07692 0.06335 0.04525 0.03620 0.00905 0.04525 0.05882 0.08597 0.00000 0.01357 0.12670
Chlamydomonas_reinhardtii_2    0.09955 0.06335 0.03167 0.05882 0.02262 0.03167 0.05882 0.04525 0.02262 0.08145 0.06335 0.04525 0.03620 0.00452 0.04525 0.05882 0.09050 0.00000 0.01810 0.12217
Physcomitrella_patens_2        0.09502 0.06335 0.02715 0.06335 0.02262 0.02262 0.05430 0.05430 0.02715 0.05882 0.07692 0.04977 0.05882 0.01810 0.04072 0.05882 0.08145 0.00000 0.00905 0.11765
Arabidopsis_thaliana_2         0.09050 0.06335 0.03167 0.05882 0.02262 0.01810 0.05882 0.05430 0.02262 0.06335 0.07240 0.04977 0.05882 0.01357 0.04072 0.06335 0.08597 0.00000 0.00905 0.12217
Oryza_sativa_2                 0.09502 0.06335 0.03167 0.05882 0.02262 0.01810 0.05882 0.05430 0.02262 0.06787 0.07692 0.04977 0.05430 0.01357 0.04072 0.06335 0.08145 0.00000 0.00905 0.11765
Ectocarpus_siliculosus_2       0.07692 0.04977 0.02715 0.06335 0.02715 0.03620 0.04977 0.05882 0.02262 0.06787 0.07692 0.04072 0.03167 0.00905 0.04525 0.07692 0.07692 0.00000 0.02262 0.14027
Thalassiosira_pseudonana_2     0.08597 0.04525 0.02262 0.06787 0.02262 0.01810 0.05882 0.05882 0.02262 0.06787 0.07240 0.04977 0.03167 0.01357 0.04072 0.08597 0.08145 0.00000 0.01810 0.13575
Polysphondylium_pallidum_2     0.06787 0.04977 0.03167 0.05882 0.02262 0.02715 0.05882 0.05882 0.02262 0.08145 0.07240 0.04977 0.03167 0.01810 0.04525 0.08145 0.06335 0.00000 0.01810 0.14027
Dictyostelium_discoideum_2     0.06335 0.04977 0.02715 0.05882 0.02715 0.02715 0.04072 0.05882 0.02262 0.08145 0.07692 0.05430 0.04977 0.02262 0.05430 0.09502 0.05882 0.00000 0.00905 0.12217
Cyanophora_paradoxa_2          0.08173 0.05769 0.02885 0.06250 0.03846 0.01923 0.06731 0.06250 0.01442 0.05769 0.06250 0.04327 0.04808 0.01442 0.05288 0.07212 0.06250 0.00000 0.02404 0.12981
Limulus_polyphemus_2           0.07240 0.04525 0.03620 0.05882 0.03620 0.03167 0.05430 0.05430 0.02715 0.09050 0.07240 0.04977 0.04525 0.01810 0.04525 0.07692 0.05882 0.00000 0.01357 0.11312
Hydra_vulgaris_2               0.07692 0.04977 0.02715 0.06335 0.03167 0.02262 0.04977 0.05430 0.02262 0.09050 0.07692 0.05430 0.04525 0.01357 0.04977 0.06787 0.08145 0.00000 0.01810 0.10407
Amphimedon_queenslandica_2     0.07692 0.05430 0.02715 0.05882 0.03167 0.01810 0.05430 0.05882 0.02262 0.08145 0.05882 0.04977 0.04525 0.02262 0.04977 0.06335 0.08145 0.00000 0.01810 0.12670
Homo_sapiens_2                 0.07240 0.05430 0.03167 0.05882 0.02262 0.02715 0.04977 0.05430 0.02262 0.09050 0.07692 0.04977 0.05430 0.01357 0.04977 0.07240 0.06787 0.00000 0.01357 0.11765
Batrachochytrium_dendrobatidis_2 0.07692 0.04525 0.02715 0.06787 0.01810 0.01810 0.04525 0.06787 0.02262 0.09050 0.07240 0.05430 0.03167 0.01810 0.04072 0.09502 0.07240 0.00000 0.00905 0.12670
Agaricus_bisporus_2            0.09050 0.04072 0.02715 0.05882 0.02262 0.02715 0.05882 0.05430 0.02262 0.08597 0.07692 0.05882 0.01357 0.01357 0.04977 0.07240 0.07692 0.00000 0.01810 0.13122
Lokiarchaeum_sp._GC14_75_2     0.07623 0.05381 0.02242 0.08072 0.00448 0.01345 0.07623 0.06726 0.02691 0.09417 0.11211 0.04484 0.01345 0.04036 0.05381 0.06726 0.06726 0.00448 0.01794 0.06278
Thorarchaeota_archaeon_SMTZ1-45_2 0.06278 0.03587 0.01794 0.07175 0.00448 0.01794 0.07623 0.08969 0.02691 0.08520 0.09417 0.04484 0.03139 0.03139 0.05830 0.08072 0.07175 0.00448 0.00897 0.08520
Odinarchaeota_archaeon_LCB_4_2 0.05405 0.03604 0.07207 0.05405 0.00450 0.02703 0.06306 0.05856 0.01351 0.12613 0.11712 0.05405 0.00450 0.02703 0.04505 0.08108 0.05405 0.00000 0.00450 0.10360
Heimdallarchaeota_archaeon_LC_3_2 0.07658 0.03604 0.03153 0.07207 0.00450 0.03604 0.06306 0.07658 0.02703 0.09459 0.08108 0.05856 0.01351 0.02252 0.04505 0.06306 0.07658 0.00000 0.00450 0.11712
Methanomassiliicoccus_luminyensis_2 0.10314 0.05830 0.04036 0.06726 0.00897 0.03139 0.06278 0.07623 0.03139 0.08072 0.08969 0.03139 0.03139 0.01794 0.03587 0.05381 0.05830 0.00448 0.00448 0.11211
Thermoplasma_volcanium_2       0.09009 0.04054 0.04054 0.07658 0.00000 0.02252 0.06306 0.07658 0.02703 0.11261 0.06757 0.05856 0.01802 0.01802 0.03604 0.05405 0.05856 0.00000 0.01802 0.12162
Haloarcula_marismortui_2       0.09009 0.04505 0.04054 0.09459 0.00000 0.02703 0.09910 0.07658 0.02703 0.08559 0.06757 0.03604 0.02252 0.01351 0.03153 0.03604 0.07207 0.00000 0.00450 0.13063
Pyrococcus_furiosus_2          0.09459 0.05405 0.04505 0.07658 0.00450 0.02252 0.07207 0.07207 0.03153 0.09009 0.06306 0.04054 0.03153 0.01351 0.03604 0.02252 0.05856 0.00450 0.01802 0.14865
Methanopyrus_kandleri_2        0.09009 0.05856 0.03604 0.08559 0.00450 0.02252 0.08559 0.07207 0.02703 0.07658 0.06306 0.03604 0.02703 0.00901 0.03604 0.02703 0.07207 0.00450 0.01802 0.14865
Methanothermobacter_thermautotrophicus_2 0.10811 0.04054 0.05856 0.06757 0.00450 0.01351 0.08559 0.09009 0.02252 0.08108 0.06306 0.04955 0.01351 0.02252 0.04054 0.02252 0.05856 0.00000 0.00450 0.15315
Methanocaldococcus_jannaschii_2 0.09459 0.05856 0.04955 0.07658 0.01802 0.01802 0.08108 0.07207 0.02252 0.10811 0.06757 0.04054 0.01802 0.03153 0.04054 0.03153 0.04955 0.00000 0.00450 0.11712
Archaeoglobus_fulgidus_2       0.10811 0.04054 0.04955 0.06757 0.00450 0.01802 0.07658 0.06757 0.02703 0.09009 0.08108 0.04955 0.02252 0.01802 0.04955 0.02703 0.05856 0.00000 0.01351 0.13063
Methanosarcina_mazei_2         0.09910 0.04505 0.03153 0.09459 0.00000 0.02252 0.07658 0.07207 0.03604 0.07207 0.07658 0.03604 0.02703 0.01802 0.03153 0.04505 0.07207 0.00000 0.00901 0.13514
Nitrosoarchaeum_limnia_2       0.07207 0.05405 0.04505 0.05856 0.00901 0.03153 0.08559 0.07658 0.02703 0.09009 0.06306 0.03153 0.04955 0.02703 0.04505 0.04054 0.07658 0.00000 0.00450 0.11261
Cenarchaeum_symbiosum_2        0.07658 0.05856 0.04955 0.07207 0.00901 0.03153 0.07207 0.08108 0.02703 0.08108 0.07658 0.02252 0.04505 0.02703 0.04505 0.04054 0.06306 0.00000 0.00450 0.11712
Korarchaeum_cryptofilum_2      0.08559 0.05405 0.05405 0.06757 0.00000 0.02252 0.06757 0.07207 0.03604 0.09459 0.09459 0.02252 0.02252 0.02252 0.04955 0.05405 0.05856 0.00000 0.01351 0.10811
Caldiarchaeum_subterraneum_2   0.07207 0.06306 0.03153 0.07207 0.00000 0.01802 0.07207 0.06306 0.02252 0.09459 0.08108 0.01802 0.01802 0.00901 0.05856 0.06306 0.08108 0.00450 0.01802 0.13964
Ignicoccus_hospitalis_2        0.08108 0.04505 0.04955 0.08559 0.00000 0.01802 0.06757 0.06306 0.02703 0.07207 0.10360 0.04054 0.01351 0.01351 0.04955 0.03153 0.07658 0.01351 0.01351 0.13514
Staphylothermus_marinus_2      0.09910 0.05856 0.04505 0.06757 0.00000 0.01351 0.08108 0.06306 0.02252 0.08108 0.09459 0.04054 0.01802 0.01351 0.04955 0.03604 0.05856 0.00450 0.01351 0.13964
Hyperthermus_butylicus_2       0.07658 0.05405 0.04054 0.06757 0.00000 0.02703 0.08108 0.07207 0.02703 0.09459 0.09910 0.03604 0.01351 0.02252 0.05405 0.04955 0.05856 0.00450 0.00901 0.11261
Aeropyrum_pernix_2             0.05856 0.05405 0.05405 0.06757 0.00000 0.00901 0.08559 0.07658 0.02252 0.08559 0.09459 0.04054 0.01351 0.03153 0.04955 0.03604 0.05856 0.00450 0.00901 0.14865
Caldivirga_maquilingensis_2    0.07658 0.04054 0.04505 0.06757 0.00000 0.01802 0.08108 0.05856 0.02703 0.09910 0.08559 0.04054 0.02703 0.02703 0.05405 0.04505 0.07658 0.00000 0.00901 0.12162
Thermofilum_pendens_2          0.07658 0.03604 0.03604 0.05405 0.00000 0.03153 0.08108 0.06306 0.02703 0.06306 0.09459 0.05856 0.02703 0.01802 0.04505 0.04955 0.07658 0.00000 0.03153 0.13063
Agaricus_bisporus_mito_2       0.05000 0.05000 0.05000 0.05000 0.05000 0.05000 0.05000 0.05000 0.05000 0.05000 0.05000 0.05000 0.05000 0.05000 0.05000 0.05000 0.05000 0.05000 0.05000 0.05000
Amphimedon_queenslandica_mito_2 0.05000 0.05000 0.05000 0.05000 0.05000 0.05000 0.05000 0.05000 0.05000 0.05000 0.05000 0.05000 0.05000 0.05000 0.05000 0.05000 0.05000 0.05000 0.05000 0.05000
Arabidopsis_thaliana_mito_2    0.05000 0.05000 0.05000 0.05000 0.05000 0.05000 0.05000 0.05000 0.05000 0.05000 0.05000 0.05000 0.05000 0.05000 0.05000 0.05000 0.05000 0.05000 0.05000 0.05000
Bathycoccus_prasinos_1         0.05000 0.05000 0.05000 0.05000 0.05000 0.05000 0.05000 0.05000 0.05000 0.05000 0.05000 0.05000 0.05000 0.05000 0.05000 0.05000 0.05000 0.05000 0.05000 0.05000
Bathycoccus_prasinos_chloro_2  0.05000 0.05000 0.05000 0.05000 0.05000 0.05000 0.05000 0.05000 0.05000 0.05000 0.05000 0.05000 0.05000 0.05000 0.05000 0.05000 0.05000 0.05000 0.05000 0.05000
Batrachochytrium_dendrobatidis_mito_2 0.05000 0.05000 0.05000 0.05000 0.05000 0.05000 0.05000 0.05000 0.05000 0.05000 0.05000 0.05000 0.05000 0.05000 0.05000 0.05000 0.05000 0.05000 0.05000 0.05000
Bodo_saltans_mito_2            0.05000 0.05000 0.05000 0.05000 0.05000 0.05000 0.05000 0.05000 0.05000 0.05000 0.05000 0.05000 0.05000 0.05000 0.05000 0.05000 0.05000 0.05000 0.05000 0.05000
Chlamydomonas_reinhardtii_1    0.05000 0.05000 0.05000 0.05000 0.05000 0.05000 0.05000 0.05000 0.05000 0.05000 0.05000 0.05000 0.05000 0.05000 0.05000 0.05000 0.05000 0.05000 0.05000 0.05000
Chlamydomonas_reinhardtii_chloro_2 0.05000 0.05000 0.05000 0.05000 0.05000 0.05000 0.05000 0.05000 0.05000 0.05000 0.05000 0.05000 0.05000 0.05000 0.05000 0.05000 0.05000 0.05000 0.05000 0.05000
Chondrus_crispus_1             0.05000 0.05000 0.05000 0.05000 0.05000 0.05000 0.05000 0.05000 0.05000 0.05000 0.05000 0.05000 0.05000 0.05000 0.05000 0.05000 0.05000 0.05000 0.05000 0.05000
