AAML (in paml version 4.10.7, June 2023)  tmp0001.txt
Model: Empirical_F,  (/data/scratch/btx126/LUCAdup_noef/control_files/lg.dat) dGamma (ncatG=4) ns = 236  ls = 1448


Frequencies..
                                    A      R      N      D      C      Q      E      G      H      I      L      K      M      F      P      S      T      W      Y      V
Acidobacterium_capsulatum_1    0.10436 0.07110 0.02982 0.04817 0.01032 0.04128 0.06193 0.06537 0.02179 0.04817 0.10550 0.04358 0.03555 0.03440 0.04472 0.03784 0.06766 0.02294 0.03440 0.07110
Acidobacterium_capsulatum_2    0.09775 0.06905 0.02172 0.05663 0.00698 0.04267 0.07370 0.07137 0.02483 0.05741 0.09697 0.04577 0.03336 0.04034 0.04422 0.03181 0.06362 0.01629 0.02017 0.08534
Actinomadura_madurae_1         0.09520 0.07360 0.02080 0.06560 0.00800 0.03920 0.05600 0.08800 0.01760 0.05120 0.09680 0.04160 0.02000 0.03520 0.04560 0.04000 0.07040 0.01440 0.02400 0.09680
Actinomadura_madurae_2         0.09642 0.07154 0.02177 0.08087 0.00700 0.03266 0.06065 0.07854 0.02255 0.05521 0.09176 0.03033 0.02955 0.04199 0.04977 0.03733 0.05988 0.02022 0.01788 0.09409
Aeropyrum_pernix_1             0.09924 0.07525 0.01963 0.05998 0.00436 0.02399 0.07852 0.06761 0.02181 0.04580 0.10796 0.04907 0.01636 0.04471 0.05016 0.04253 0.04362 0.02508 0.02944 0.09487
Aeropyrum_pernix_2             0.10254 0.08820 0.01213 0.05513 0.00662 0.01544 0.07166 0.06725 0.01874 0.06946 0.10254 0.06505 0.02095 0.02977 0.04079 0.03638 0.04300 0.02426 0.04079 0.08931
Agaricus_bisporus_1            0.08790 0.05478 0.04459 0.06497 0.01146 0.04586 0.05096 0.06752 0.01529 0.07261 0.09299 0.05987 0.02420 0.04204 0.04331 0.06115 0.05605 0.00510 0.02293 0.07643
Agaricus_bisporus_2            0.08298 0.04501 0.02954 0.05345 0.00985 0.04641 0.05767 0.07876 0.01406 0.06610 0.09001 0.06892 0.02672 0.03797 0.04079 0.06751 0.06610 0.00422 0.01969 0.09423
Agaricus_bisporus_mito_1       0.10653 0.07461 0.02938 0.05599 0.00544 0.03736 0.05599 0.10919 0.00810 0.07461 0.09855 0.04800 0.02672 0.02938 0.04268 0.05067 0.04534 0.00544 0.02406 0.07195
Agaricus_bisporus_mito_2       0.07910 0.04972 0.03616 0.06441 0.01243 0.02938 0.05650 0.07232 0.02260 0.07345 0.10056 0.05537 0.02825 0.04068 0.05198 0.04633 0.05989 0.01921 0.02486 0.07684
Amphimedon_queenslandica_1     0.08017 0.04956 0.04227 0.05831 0.01749 0.04227 0.06122 0.06997 0.01604 0.07726 0.09767 0.04956 0.02915 0.04810 0.03936 0.05539 0.05685 0.00292 0.02041 0.08601
Amphimedon_queenslandica_2     0.07606 0.05211 0.03239 0.05070 0.01549 0.04085 0.07042 0.07465 0.01268 0.07606 0.09014 0.05915 0.02394 0.03380 0.03803 0.06761 0.06197 0.00704 0.02535 0.09155
Amphimedon_queenslandica_mito_1 0.09855 0.06929 0.03204 0.06397 0.00278 0.04800 0.04534 0.10121 0.00544 0.06929 0.09855 0.05067 0.02672 0.02672 0.04002 0.05067 0.05067 0.00012 0.03470 0.08525
Amphimedon_queenslandica_mito_2 0.07353 0.05543 0.03846 0.07240 0.01584 0.02262 0.05656 0.07240 0.01923 0.06787 0.09729 0.05430 0.03054 0.04072 0.04977 0.04638 0.05317 0.02149 0.03054 0.08145
Aquifex_aeolicus_1             0.08877 0.05435 0.02446 0.05163 0.00815 0.03895 0.08152 0.07790 0.01540 0.06884 0.09873 0.09239 0.01902 0.03623 0.04348 0.02717 0.04801 0.01540 0.02899 0.08062
Arabidopsis_thaliana_1         0.06807 0.05992 0.04090 0.05448 0.00286 0.04090 0.07078 0.07622 0.01645 0.08980 0.09252 0.03818 0.03003 0.03546 0.05992 0.05992 0.06263 0.00014 0.03546 0.06535
Arabidopsis_thaliana_2         0.09105 0.05112 0.03514 0.05751 0.01757 0.03355 0.05431 0.07029 0.01438 0.07029 0.10064 0.06230 0.03674 0.02875 0.04792 0.06070 0.05272 0.00799 0.03355 0.07348
Arabidopsis_thaliana_mito_2    0.08239 0.05982 0.03386 0.05982 0.01467 0.02370 0.06321 0.06772 0.01919 0.07449 0.09481 0.04966 0.02822 0.03499 0.05079 0.04515 0.05756 0.02483 0.02822 0.08691
Archaeoglobus_fulgidus_1       0.08834 0.06579 0.02068 0.04511 0.00564 0.03196 0.09586 0.08458 0.01880 0.06579 0.09398 0.04699 0.03947 0.03760 0.05639 0.04887 0.05639 0.00376 0.03008 0.06391
Archaeoglobus_fulgidus_2       0.07781 0.06414 0.02103 0.04416 0.01262 0.02839 0.09464 0.06414 0.01262 0.07466 0.07676 0.06835 0.02524 0.03365 0.05363 0.03785 0.05258 0.02524 0.04522 0.08728
Bathycoccus_prasinos_1         0.07578 0.05601 0.05272 0.05766 0.00824 0.03624 0.06919 0.07084 0.01318 0.08402 0.10379 0.04778 0.02142 0.04283 0.03954 0.05601 0.05931 0.00165 0.02471 0.07908
Bathycoccus_prasinos_2         0.09986 0.03938 0.03376 0.05063 0.01406 0.04360 0.07454 0.07173 0.00844 0.06470 0.08861 0.06329 0.03235 0.03938 0.04360 0.06048 0.05907 0.00422 0.02813 0.08017
Bathycoccus_prasinos_chloro_1  0.06197 0.02206 0.02776 0.05627 0.01636 0.04487 0.08478 0.05057 0.02206 0.05627 0.10188 0.07908 0.02776 0.03347 0.06197 0.06767 0.03917 0.01066 0.03347 0.10188
Bathycoccus_prasinos_chloro_2  0.08800 0.05244 0.03200 0.06667 0.01067 0.02756 0.06133 0.07644 0.01422 0.05511 0.10578 0.05600 0.03022 0.03378 0.05244 0.04889 0.06044 0.01689 0.02578 0.08533
Bathycoccus_prasinos_mito_2    0.07762 0.05287 0.03150 0.07424 0.01237 0.02812 0.06187 0.06749 0.02137 0.07649 0.08324 0.05174 0.03600 0.04049 0.04837 0.04724 0.05962 0.02362 0.02362 0.08211
Batrachochytrium_dendrobatidis_1 0.09197 0.05052 0.04145 0.05699 0.00907 0.03497 0.05959 0.06477 0.01554 0.07902 0.09974 0.06477 0.02202 0.04534 0.04275 0.05699 0.05699 0.00259 0.02461 0.08031
Batrachochytrium_dendrobatidis_2 0.07887 0.04507 0.02817 0.05634 0.01549 0.04225 0.06338 0.07606 0.00986 0.07746 0.09296 0.06620 0.02817 0.03521 0.04085 0.06479 0.06338 0.00563 0.02817 0.08169
Batrachochytrium_dendrobatidis_mito_1 0.09589 0.06397 0.04002 0.06131 0.00278 0.06131 0.04268 0.10121 0.00810 0.06663 0.09057 0.05599 0.02406 0.03470 0.03736 0.05599 0.04002 0.00278 0.02406 0.09057
Batrachochytrium_dendrobatidis_mito_2 0.08588 0.05311 0.03729 0.06441 0.01243 0.03729 0.05876 0.07232 0.02034 0.07571 0.08927 0.04972 0.03390 0.04068 0.05085 0.03503 0.06102 0.02034 0.02712 0.07458
Bodo_saltans_1                 0.09338 0.04235 0.03909 0.06080 0.01737 0.04452 0.05103 0.06189 0.02172 0.05755 0.07818 0.06298 0.03474 0.05320 0.04126 0.05755 0.05863 0.01629 0.03149 0.07600
Bodo_saltans_2                 0.08861 0.04923 0.02813 0.04501 0.01125 0.04782 0.07454 0.07736 0.00985 0.07032 0.09283 0.05626 0.02532 0.03376 0.04079 0.06610 0.05626 0.00563 0.02532 0.09564
Bodo_saltans_mito_2            0.07222 0.06000 0.02778 0.06556 0.01889 0.04000 0.05778 0.06556 0.02111 0.06222 0.10333 0.04000 0.03000 0.03778 0.05111 0.04333 0.06111 0.01889 0.02667 0.09667
Caldiarchaeum_subterraneum_1   0.09711 0.06168 0.02231 0.06168 0.00000 0.03412 0.07087 0.07743 0.01181 0.06824 0.10761 0.05512 0.02493 0.03806 0.04987 0.05512 0.04856 0.00525 0.02625 0.08399
Caldiarchaeum_subterraneum_2   0.07397 0.06817 0.02828 0.04714 0.00943 0.02103 0.07542 0.06672 0.01595 0.06962 0.10007 0.06164 0.02611 0.03771 0.05584 0.05294 0.06236 0.01523 0.04133 0.07107
Caldisericum_exile_1           0.06108 0.04688 0.04403 0.04972 0.00710 0.02557 0.07955 0.05966 0.01563 0.08665 0.08239 0.07812 0.02273 0.06676 0.04119 0.05114 0.05398 0.01705 0.04261 0.06818
Caldisericum_exile_2           0.05453 0.04580 0.03490 0.07197 0.00763 0.02399 0.06979 0.06543 0.01745 0.08179 0.11232 0.07743 0.02399 0.05344 0.04035 0.04253 0.05016 0.01745 0.04253 0.06652
Caldithrix_abyssi_1            0.09010 0.05149 0.03138 0.04747 0.00322 0.03701 0.07401 0.07482 0.01931 0.07321 0.09735 0.07160 0.02816 0.03620 0.04747 0.03459 0.05068 0.01770 0.03781 0.07643
Caldithrix_abyssi_2            0.07621 0.05754 0.02722 0.06532 0.00156 0.04044 0.07387 0.07076 0.02255 0.08476 0.09253 0.05988 0.02955 0.04199 0.04510 0.04121 0.04899 0.01711 0.03344 0.06998
Caldivirga_maquilingensis_1    0.08243 0.07154 0.03344 0.06454 0.00156 0.01866 0.05677 0.06532 0.01788 0.06376 0.10342 0.05288 0.03033 0.04432 0.04432 0.05132 0.05132 0.01555 0.04121 0.08942
Caldivirga_maquilingensis_2    0.07482 0.06954 0.02553 0.05458 0.00440 0.01761 0.06866 0.06690 0.01937 0.08891 0.09067 0.05194 0.02905 0.03609 0.05282 0.05370 0.05106 0.02113 0.04137 0.08187
Campylobacter_jejuni_1         0.09351 0.04962 0.03435 0.04771 0.00001 0.04962 0.06488 0.09160 0.01527 0.06679 0.10114 0.07252 0.02863 0.03244 0.03626 0.06107 0.04389 0.00001 0.03435 0.07633
Campylobacter_jejuni_2         0.07301 0.04227 0.04803 0.06724 0.00865 0.03074 0.07493 0.06724 0.01729 0.06916 0.09798 0.07301 0.03458 0.04707 0.03746 0.04515 0.04419 0.01057 0.03939 0.07205
Cenarchaeum_symbiosum_1        0.08598 0.06653 0.02866 0.06039 0.00409 0.03275 0.06346 0.09314 0.02559 0.07472 0.08802 0.04708 0.02252 0.03992 0.05118 0.05118 0.06141 0.00819 0.02559 0.06960
Cenarchaeum_symbiosum_2        0.07612 0.06567 0.01791 0.05970 0.01045 0.02164 0.06493 0.08060 0.02164 0.06791 0.09478 0.05522 0.03209 0.02985 0.04627 0.06866 0.06343 0.01567 0.03657 0.07090
Chlamydia_trachomatis_1        0.10085 0.05482 0.03290 0.06359 0.00441 0.04386 0.05921 0.08551 0.01099 0.08112 0.09866 0.05482 0.03290 0.01975 0.04167 0.05044 0.05263 0.00222 0.02633 0.08332
Chlamydia_trachomatis_2        0.07122 0.05341 0.04451 0.07567 0.00445 0.03858 0.05341 0.07122 0.02819 0.06083 0.09347 0.05341 0.03709 0.04896 0.04599 0.03858 0.04451 0.02967 0.02967 0.07715
Chlamydomonas_reinhardtii_1    0.08745 0.06274 0.02852 0.05323 0.00761 0.04563 0.06464 0.06844 0.02092 0.08365 0.08935 0.05513 0.02472 0.03993 0.05703 0.05703 0.05893 0.00001 0.02662 0.06844
Chlamydomonas_reinhardtii_chloro_1 0.07338 0.05057 0.04487 0.05057 0.02776 0.04487 0.04487 0.05057 0.03347 0.05627 0.11329 0.04487 0.01636 0.02206 0.10758 0.04487 0.06197 0.01066 0.02206 0.07908
Chlamydomonas_reinhardtii_chloro_2 0.07171 0.07171 0.04183 0.04980 0.00598 0.02391 0.06972 0.08366 0.01993 0.05578 0.08963 0.03785 0.02789 0.04582 0.05578 0.03586 0.06773 0.03785 0.03586 0.07171
Chlamydomonas_reinhardtii_mito_2 0.07597 0.05525 0.03039 0.06630 0.01105 0.03591 0.05939 0.06630 0.01934 0.05663 0.08978 0.04006 0.02901 0.03729 0.06630 0.05249 0.06354 0.02210 0.02348 0.09945
Chlorobium_phaeovibrioides_1   0.09516 0.05323 0.03145 0.04919 0.00323 0.03468 0.06855 0.08306 0.01935 0.06613 0.10565 0.05806 0.02903 0.03710 0.04355 0.05081 0.05484 0.01452 0.02823 0.07419
Chlorobium_phaeovibrioides_2   0.09346 0.06153 0.02570 0.07944 0.00545 0.03037 0.05685 0.07710 0.01558 0.06620 0.09891 0.04984 0.03193 0.03505 0.04673 0.05296 0.04907 0.01480 0.02804 0.08100
Chloroflexus_1                 0.10546 0.07344 0.02825 0.05838 0.00754 0.06215 0.05650 0.08663 0.00754 0.08851 0.09604 0.03390 0.01695 0.02072 0.04520 0.04520 0.04896 0.00565 0.03202 0.08098
Chloroflexus_2                 0.08142 0.07567 0.02395 0.06418 0.00383 0.04119 0.07088 0.07280 0.01916 0.06897 0.08621 0.03257 0.02969 0.04310 0.05651 0.03927 0.05364 0.01916 0.03161 0.08621
Chlorogloeopsis_fritschii_1    0.10700 0.04586 0.03379 0.05792 0.00644 0.05068 0.06034 0.07401 0.01287 0.07401 0.10539 0.05873 0.02333 0.03138 0.04183 0.04023 0.05873 0.01368 0.03138 0.07241
Chlorogloeopsis_fritschii_2    0.07770 0.05828 0.02875 0.06216 0.00544 0.04507 0.06915 0.08003 0.01554 0.06527 0.10256 0.04973 0.02797 0.03263 0.04973 0.04196 0.05983 0.01321 0.03263 0.08236
Chondrus_crispus_1             0.09005 0.06191 0.03190 0.05066 0.00563 0.04315 0.06191 0.07129 0.02627 0.07504 0.08630 0.04690 0.02439 0.04315 0.06566 0.05816 0.06191 0.00001 0.02814 0.06754
Chondrus_crispus_2             0.09744 0.04473 0.03035 0.04952 0.01917 0.03674 0.06230 0.06869 0.01438 0.07029 0.07827 0.05591 0.04313 0.03514 0.04792 0.07029 0.05591 0.00959 0.02556 0.08466
Chondrus_crispus_chloro_2      0.07512 0.05419 0.02709 0.06034 0.00616 0.03571 0.06650 0.07759 0.01724 0.07389 0.09852 0.04926 0.02833 0.03571 0.05542 0.04803 0.06034 0.02217 0.03079 0.07759
Chondrus_crispus_mito_2        0.09050 0.05769 0.03394 0.06787 0.00905 0.02715 0.05769 0.07805 0.02262 0.06561 0.10407 0.03959 0.02715 0.03846 0.04751 0.04412 0.05317 0.01923 0.02715 0.08937
Chthonomonas_calidirosea_2     0.09084 0.07143 0.02252 0.06134 0.00932 0.04115 0.07065 0.06988 0.01863 0.07065 0.10637 0.03804 0.02795 0.03882 0.05280 0.03106 0.05823 0.01708 0.02640 0.07686
Cloacimonas_acidaminovorans_1  0.09718 0.02747 0.03992 0.05486 0.00755 0.03245 0.06731 0.06731 0.01751 0.08722 0.09967 0.08722 0.03245 0.03992 0.04241 0.02498 0.06731 0.00257 0.02996 0.07478
Cloacimonas_acidaminovorans_2  0.08971 0.04739 0.02747 0.06482 0.00755 0.03743 0.06233 0.06980 0.01502 0.08224 0.10714 0.08971 0.03743 0.04490 0.02747 0.02996 0.04988 0.00008 0.03245 0.07727
Clostridium_acetobutylicum_1   0.07721 0.04332 0.03390 0.05650 0.00942 0.04332 0.06779 0.08663 0.00565 0.08851 0.09227 0.07533 0.03390 0.02448 0.04332 0.06403 0.04332 0.00189 0.03767 0.07156
Clostridium_acetobutylicum_2   0.06992 0.04885 0.04215 0.06992 0.00766 0.03640 0.07375 0.07088 0.01533 0.08142 0.08716 0.06513 0.03448 0.03640 0.04502 0.03927 0.04789 0.01628 0.03640 0.07567
Cyanidioschyzon_merolae_1      0.12199 0.07148 0.02564 0.05828 0.01399 0.04507 0.05206 0.05594 0.02331 0.06061 0.10023 0.03497 0.02253 0.04584 0.05284 0.05128 0.05051 0.01321 0.02875 0.07148
Cyanidioschyzon_merolae_2      0.09112 0.07958 0.02191 0.05536 0.01961 0.03806 0.06228 0.06920 0.01038 0.05652 0.09227 0.04037 0.03691 0.03691 0.04152 0.06690 0.05652 0.00807 0.02191 0.09458
Cyanidioschyzon_merolae_chloro_1 0.12313 0.05361 0.03489 0.05896 0.00013 0.06431 0.04291 0.09639 0.01083 0.07500 0.09907 0.04291 0.02687 0.01885 0.03222 0.06431 0.05094 0.00280 0.02420 0.07768
Cyanidioschyzon_merolae_chloro_2 0.09253 0.06940 0.02135 0.05694 0.00623 0.04181 0.06495 0.07384 0.01690 0.07206 0.11210 0.04004 0.02580 0.04004 0.04626 0.04181 0.05605 0.01423 0.02402 0.08363
Cyanidioschyzon_merolae_mito_1 0.11481 0.07747 0.02680 0.06147 0.00546 0.05880 0.04813 0.09881 0.01079 0.07214 0.09347 0.04547 0.02146 0.02680 0.03747 0.05347 0.03747 0.00013 0.02413 0.08547
Cyanidioschyzon_merolae_mito_2 0.09470 0.07441 0.02255 0.05862 0.01466 0.03946 0.06652 0.06877 0.02818 0.05637 0.11048 0.02593 0.02931 0.03382 0.04622 0.03157 0.05750 0.02142 0.02931 0.09019
Cyanobium_gracile_1            0.12681 0.07223 0.02167 0.05939 0.00722 0.04655 0.05778 0.07464 0.01605 0.05217 0.12039 0.03531 0.02087 0.02729 0.04254 0.04013 0.05538 0.01605 0.02327 0.08427
Cyanobium_gracile_2            0.11033 0.06915 0.01632 0.06138 0.00466 0.03652 0.06760 0.08469 0.01943 0.05361 0.11966 0.03963 0.02486 0.03497 0.05206 0.04429 0.05284 0.01399 0.01632 0.07770
Cyanophora_paradoxa_1          0.09775 0.05999 0.04223 0.06222 0.01780 0.02224 0.06222 0.06888 0.01780 0.04889 0.10663 0.04889 0.02668 0.05555 0.04667 0.04001 0.05777 0.02224 0.03778 0.05777
Cyanophora_paradoxa_2          0.11857 0.02772 0.03205 0.05368 0.01474 0.04502 0.06666 0.07098 0.01907 0.05800 0.10127 0.09694 0.01907 0.04935 0.01474 0.02772 0.07098 0.00609 0.01474 0.09261
Cylindrospermopsis_raciborskii_1 0.10040 0.04819 0.03454 0.05863 0.00562 0.05703 0.05703 0.07631 0.01205 0.07791 0.10120 0.05542 0.02410 0.03052 0.03936 0.04739 0.05462 0.01365 0.02972 0.07631
Cylindrospermopsis_raciborskii_2 0.07776 0.05599 0.03733 0.06376 0.00467 0.04899 0.05910 0.07776 0.01788 0.06610 0.10653 0.04977 0.02566 0.03266 0.04666 0.04355 0.06221 0.01400 0.02877 0.08087
Desulfurispirillum_indicum_2   0.08634 0.06448 0.02295 0.06557 0.00984 0.03825 0.06557 0.06995 0.02295 0.07869 0.08634 0.05027 0.03497 0.04809 0.03825 0.04044 0.05027 0.01749 0.03169 0.07760
Dictyoglomus_turgidum_1        0.07533 0.05838 0.03578 0.04332 0.00565 0.03578 0.08098 0.09227 0.01507 0.08474 0.11864 0.05273 0.02260 0.03390 0.04896 0.03578 0.05085 0.00565 0.03390 0.06968
Dictyoglomus_turgidum_2        0.06157 0.05717 0.02463 0.05717 0.00967 0.02990 0.08091 0.06684 0.01583 0.07828 0.10202 0.06332 0.03254 0.03782 0.05101 0.04837 0.04749 0.02199 0.03958 0.07388
Dictyostelium_discoideum_1     0.07156 0.05461 0.03955 0.05838 0.00942 0.04143 0.05838 0.06968 0.02260 0.09416 0.08474 0.05650 0.02825 0.04332 0.05650 0.07344 0.05461 0.00001 0.02825 0.05461
Dictyostelium_discoideum_2     0.08147 0.04952 0.04633 0.04313 0.01917 0.03994 0.06550 0.07029 0.01597 0.08786 0.07987 0.04952 0.04473 0.03674 0.05272 0.05591 0.05911 0.00959 0.02236 0.07029
Dictyostelium_discoideum_mito_1 0.03893 0.02191 0.05028 0.05596 0.01623 0.05028 0.04461 0.03326 0.01623 0.12974 0.10136 0.09001 0.03326 0.04461 0.03893 0.11839 0.04461 0.01056 0.02758 0.03326
Dictyostelium_discoideum_mito_2 0.07623 0.04933 0.02578 0.07063 0.01682 0.03475 0.05381 0.07063 0.02130 0.07848 0.08520 0.05493 0.03363 0.03700 0.04933 0.04709 0.06278 0.01682 0.03363 0.08184
Ectocarpus_siliculosus_1       0.09142 0.05143 0.03429 0.05714 0.01143 0.04191 0.06286 0.06666 0.02477 0.07047 0.09714 0.05333 0.02857 0.03619 0.05714 0.06286 0.05714 0.00191 0.02667 0.06666
Ectocarpus_siliculosus_2       0.07430 0.05732 0.02549 0.05308 0.01700 0.03822 0.07642 0.08491 0.00851 0.06369 0.08916 0.03822 0.02549 0.03610 0.05096 0.07218 0.06581 0.00851 0.02549 0.08916
Ectocarpus_siliculosus_chloro_1 0.07338 0.03917 0.04487 0.07908 0.01066 0.04487 0.03917 0.05057 0.02206 0.05057 0.12469 0.07908 0.02776 0.03917 0.05627 0.04487 0.05627 0.01636 0.02206 0.07908
Ectocarpus_siliculosus_mito_2  0.09122 0.05631 0.02703 0.06419 0.01464 0.02590 0.06419 0.07545 0.02252 0.05743 0.09572 0.04279 0.03153 0.03604 0.04955 0.04167 0.06419 0.01802 0.03266 0.08896
Elphidium_margaritaceum_1      0.08611 0.05508 0.03879 0.05741 0.01552 0.04577 0.05818 0.06051 0.02095 0.06206 0.09232 0.06362 0.03181 0.04344 0.04344 0.05353 0.05431 0.01009 0.03879 0.06827
Elphidium_margaritaceum_2      0.08836 0.05610 0.03506 0.04769 0.01543 0.03647 0.06592 0.07574 0.01122 0.07433 0.10098 0.05330 0.02244 0.03647 0.03506 0.05750 0.07153 0.00421 0.02525 0.08696
Elphidium_margaritaceum_mito_2 0.06383 0.05711 0.02576 0.06495 0.02688 0.04143 0.05823 0.07279 0.02016 0.06831 0.08399 0.04591 0.03919 0.04255 0.04143 0.05599 0.05487 0.02240 0.03359 0.08063
Elusimicrobium_minutum_1       0.07072 0.04482 0.04382 0.05378 0.00896 0.03785 0.05777 0.07669 0.01793 0.06773 0.09263 0.07570 0.03187 0.03785 0.05179 0.05677 0.04880 0.01594 0.03586 0.07271
Elusimicrobium_minutum_2       0.08238 0.04885 0.03544 0.06705 0.00958 0.03640 0.06609 0.06992 0.01724 0.07950 0.09483 0.06609 0.02299 0.03640 0.04502 0.04215 0.05172 0.01628 0.02778 0.08429
Fibrobacter_succinogenes_1     0.09091 0.04948 0.04258 0.05869 0.01611 0.03222 0.06099 0.06559 0.02532 0.05869 0.08746 0.07020 0.03107 0.04028 0.04373 0.03107 0.05063 0.02417 0.04143 0.07940
Fibrobacter_succinogenes_2     0.07717 0.05543 0.03913 0.06848 0.00761 0.03696 0.05435 0.06739 0.02826 0.06630 0.08913 0.06413 0.03478 0.04348 0.04348 0.04022 0.05217 0.01957 0.02717 0.08478
Galdieria_sulphuraria_1        0.09366 0.05740 0.03776 0.06495 0.01511 0.04834 0.04683 0.06495 0.01511 0.07402 0.10272 0.05589 0.02417 0.04683 0.04381 0.05287 0.04985 0.00151 0.02417 0.08006
Galdieria_sulphuraria_2        0.08525 0.05069 0.02995 0.05645 0.01728 0.04724 0.05991 0.07028 0.01037 0.06221 0.09332 0.06567 0.03802 0.03802 0.04724 0.06452 0.04724 0.00691 0.02535 0.08410
Galdieria_sulphuraria_chloro_1 0.10709 0.04826 0.04291 0.04826 0.00280 0.06163 0.06163 0.09372 0.00280 0.09372 0.09639 0.05094 0.02152 0.02152 0.03489 0.06698 0.05094 0.00013 0.02954 0.06431
Galdieria_sulphuraria_chloro_2 0.07232 0.05989 0.03164 0.05650 0.01017 0.03955 0.06667 0.06780 0.01921 0.08701 0.10395 0.04068 0.02486 0.03842 0.04746 0.04972 0.05537 0.02260 0.03842 0.06780
Galdieria_sulphuraria_mito_1   0.10625 0.07176 0.03196 0.05849 0.00543 0.04788 0.04788 0.10625 0.00808 0.06114 0.09298 0.05053 0.02665 0.03196 0.03727 0.05584 0.03992 0.00278 0.02665 0.09033
Galdieria_sulphuraria_mito_2   0.08239 0.06546 0.03047 0.06546 0.01242 0.03950 0.06095 0.06998 0.02257 0.07223 0.09819 0.04402 0.02370 0.03950 0.04740 0.03725 0.05418 0.01919 0.03386 0.08126
Gemmatimonas_aurantiaca_2      0.10016 0.06677 0.02562 0.07143 0.00621 0.03416 0.05901 0.08385 0.02174 0.05823 0.09550 0.03960 0.02407 0.03960 0.04736 0.03649 0.05357 0.01941 0.02252 0.09472
Gloeobacter_violaceus_1        0.10700 0.06999 0.02655 0.05390 0.00644 0.03942 0.06436 0.07321 0.01126 0.06758 0.11424 0.04988 0.01850 0.03459 0.04264 0.04344 0.05068 0.01287 0.03379 0.07965
Gloeobacter_violaceus_2        0.08942 0.06765 0.02488 0.06998 0.00311 0.04277 0.06221 0.07621 0.01477 0.05288 0.11897 0.04588 0.02566 0.03810 0.05288 0.03655 0.05365 0.01555 0.02411 0.08476
Heimdallarchaeota_archaeon_AB_125_1 0.07597 0.04031 0.04186 0.06512 0.00853 0.03643 0.05891 0.06202 0.01938 0.08295 0.10310 0.07209 0.01705 0.05349 0.04419 0.05426 0.05194 0.01008 0.03488 0.06744
Heimdallarchaeota_archaeon_AB_125_2 0.08049 0.05004 0.03046 0.06164 0.00870 0.03263 0.07179 0.07107 0.01813 0.08557 0.09137 0.06962 0.02828 0.04278 0.04859 0.04859 0.05366 0.01160 0.03118 0.06381
Heimdallarchaeota_archaeon_LC_2_1 0.07656 0.05703 0.04141 0.06016 0.00625 0.03672 0.06484 0.07500 0.02266 0.07734 0.08906 0.06328 0.02734 0.05625 0.04844 0.04844 0.05312 0.01094 0.02578 0.05937
Heimdallarchaeota_archaeon_LC_2_2 0.07702 0.04224 0.03230 0.06087 0.00621 0.03851 0.06708 0.08571 0.01242 0.09441 0.09068 0.07578 0.03478 0.03478 0.04099 0.04969 0.05466 0.00745 0.02360 0.07081
Heimdallarchaeota_archaeon_LC_3_1 0.07327 0.04988 0.04131 0.05768 0.00546 0.03352 0.06625 0.06625 0.01793 0.09353 0.08574 0.08262 0.01169 0.05378 0.04521 0.05222 0.05222 0.01091 0.03585 0.06469
Heimdallarchaeota_archaeon_LC_3_2 0.06435 0.04845 0.03398 0.05785 0.00578 0.02748 0.07375 0.06218 0.01808 0.09978 0.09689 0.07014 0.03181 0.04483 0.04483 0.06363 0.05640 0.01302 0.03254 0.05423
Homo_sapiens_1                 0.08538 0.05123 0.03795 0.05503 0.01139 0.04744 0.05882 0.06641 0.02277 0.08728 0.08728 0.05313 0.02657 0.04744 0.05693 0.06072 0.05503 0.00190 0.02657 0.06072
Homo_sapiens_2                 0.07905 0.05555 0.02352 0.04915 0.00856 0.03206 0.06837 0.08118 0.00856 0.07050 0.09400 0.04487 0.03419 0.02565 0.05128 0.08759 0.06196 0.00856 0.03206 0.08332
Homo_sapiens_mito_1            0.09855 0.07461 0.02938 0.06397 0.00278 0.04800 0.04002 0.10387 0.00544 0.07195 0.09855 0.05067 0.02406 0.02406 0.03736 0.05599 0.05067 0.00012 0.03470 0.08525
Homo_sapiens_mito_2            0.08046 0.06207 0.02299 0.06092 0.01379 0.03448 0.05862 0.07356 0.02184 0.06322 0.10690 0.04023 0.02759 0.03793 0.05402 0.04828 0.05747 0.01954 0.02874 0.08736
Hydra_vulgaris_1               0.08203 0.04948 0.04688 0.05729 0.01563 0.04167 0.05339 0.06641 0.01693 0.08464 0.09766 0.06641 0.02995 0.04167 0.04427 0.06250 0.05339 0.00260 0.01823 0.06901
Hydra_vulgaris_2               0.08439 0.04641 0.03235 0.05204 0.01688 0.04079 0.06329 0.07314 0.01125 0.07454 0.09283 0.06188 0.02391 0.03235 0.04360 0.07595 0.05767 0.00703 0.02532 0.08439
Hydra_vulgaris_mito_1          0.10653 0.06663 0.02672 0.05865 0.00544 0.04534 0.04268 0.10387 0.00810 0.06663 0.09855 0.05333 0.02672 0.02406 0.04002 0.06131 0.04002 0.00012 0.03204 0.09323
Hydra_vulgaris_mito_2          0.07797 0.05311 0.04068 0.06554 0.01582 0.02599 0.05876 0.06667 0.02260 0.07458 0.09153 0.05537 0.03051 0.03955 0.04633 0.04859 0.05537 0.01921 0.03277 0.07910
Hyperthermus_butylicus_1       0.09105 0.07315 0.02179 0.05136 0.00233 0.02646 0.07860 0.06537 0.01790 0.06926 0.09961 0.05837 0.02646 0.04669 0.04825 0.04436 0.05058 0.01245 0.03035 0.08560
Hyperthermus_butylicus_2       0.08038 0.07676 0.01810 0.04996 0.00362 0.02100 0.08327 0.07169 0.01593 0.07748 0.10210 0.06445 0.02245 0.03186 0.04634 0.03765 0.05503 0.02028 0.04272 0.07893
Ignicoccus_hospitalis_1        0.09169 0.05439 0.03108 0.05206 0.00233 0.02176 0.07925 0.06061 0.01787 0.06449 0.09557 0.07537 0.02953 0.04274 0.04817 0.04274 0.04895 0.01554 0.03497 0.09091
Ignicoccus_hospitalis_2        0.08321 0.06006 0.01809 0.04848 0.00579 0.01809 0.08032 0.06295 0.02026 0.06946 0.09334 0.08249 0.02967 0.03401 0.05137 0.04631 0.05137 0.02315 0.03546 0.08611
Jidaibacter_acanthamoeba_1     0.09604 0.04141 0.03612 0.06344 0.01233 0.03877 0.05551 0.05903 0.01674 0.07489 0.10573 0.08458 0.02555 0.03789 0.03524 0.05551 0.05198 0.01233 0.03348 0.06344
Jidaibacter_acanthamoeba_2     0.08926 0.04269 0.03622 0.06210 0.00517 0.04140 0.06856 0.07762 0.01423 0.08538 0.10867 0.06856 0.02458 0.03105 0.03752 0.05692 0.05563 0.00388 0.02070 0.06986
Jonquetella_anthropi_1         0.09855 0.06220 0.02827 0.05816 0.01292 0.03635 0.05331 0.08724 0.01777 0.04927 0.10501 0.04362 0.03231 0.03312 0.04523 0.05250 0.05574 0.02019 0.02989 0.07835
Jonquetella_anthropi_2         0.08963 0.07560 0.02338 0.06469 0.00857 0.03507 0.06235 0.07638 0.01559 0.05378 0.11068 0.04287 0.02962 0.03975 0.04521 0.04521 0.05378 0.02027 0.02650 0.08106
Korarchaeum_cryptofilum_1      0.07780 0.07210 0.02277 0.05693 0.00380 0.03226 0.07590 0.07780 0.01518 0.08349 0.09108 0.05123 0.01708 0.04744 0.06072 0.05503 0.04934 0.00760 0.03036 0.07210
Korarchaeum_cryptofilum_2      0.07332 0.07509 0.02208 0.05035 0.00618 0.02208 0.08304 0.06714 0.02208 0.07509 0.09629 0.04329 0.02739 0.03887 0.05742 0.05477 0.04770 0.02120 0.04064 0.07597
Kosmotoga_olearia_1            0.08766 0.04464 0.03247 0.05601 0.00568 0.02841 0.07955 0.07630 0.01867 0.08117 0.09903 0.07711 0.02273 0.03166 0.04383 0.04140 0.05032 0.01461 0.03815 0.07062
Kosmotoga_olearia_2            0.07315 0.06070 0.02646 0.06926 0.00545 0.03191 0.07704 0.06693 0.01556 0.08482 0.08949 0.06381 0.02802 0.04436 0.04669 0.04047 0.04825 0.01556 0.02802 0.08405
Latescibacteria_bacterium_1    0.09881 0.06679 0.02379 0.04849 0.01098 0.03660 0.06679 0.08417 0.02196 0.05764 0.10064 0.04758 0.02562 0.03385 0.03934 0.04483 0.05398 0.01372 0.03294 0.09149
Latescibacteria_bacterium_2    0.07851 0.06379 0.02257 0.06477 0.00589 0.03435 0.07262 0.07360 0.02061 0.06281 0.11187 0.04514 0.02748 0.03729 0.04416 0.05103 0.06183 0.01472 0.02355 0.08342
Leishmania_major_1             0.10191 0.03982 0.02491 0.06714 0.01249 0.04727 0.04975 0.06962 0.02243 0.06465 0.08701 0.07707 0.02988 0.03733 0.03733 0.06217 0.04975 0.00753 0.01498 0.09694
Leishmania_major_2             0.08400 0.05293 0.03567 0.05524 0.02071 0.05178 0.06674 0.07135 0.01151 0.06674 0.08861 0.05409 0.03452 0.03682 0.03567 0.06099 0.04948 0.00690 0.02532 0.09091
Leishmania_major_mito_2        0.08090 0.05843 0.02697 0.07191 0.01573 0.03258 0.05730 0.06292 0.02584 0.05843 0.10000 0.04719 0.03258 0.03933 0.04831 0.04494 0.05618 0.01798 0.02697 0.09551
Lentisphaera_araneosa_1        0.09443 0.04520 0.03551 0.05973 0.00807 0.03632 0.05569 0.07183 0.01937 0.07506 0.08797 0.06860 0.02906 0.03874 0.04600 0.04923 0.06780 0.01372 0.03471 0.06295
Lentisphaera_araneosa_2        0.08224 0.03743 0.03743 0.07478 0.01253 0.04490 0.05237 0.07976 0.02249 0.05984 0.09220 0.06482 0.04490 0.04490 0.02747 0.06233 0.04739 0.00755 0.02498 0.07976
Leptolyngbya_valderiana_1      0.10608 0.04528 0.03234 0.06080 0.00647 0.04657 0.06598 0.08279 0.00647 0.07891 0.11514 0.05821 0.02199 0.02458 0.03752 0.05175 0.05951 0.00517 0.02199 0.07245
Limulus_polyphemus_1           0.10372 0.04772 0.04979 0.06016 0.02076 0.04357 0.06224 0.06846 0.02076 0.07883 0.09542 0.05809 0.02698 0.04772 0.03113 0.03942 0.04564 0.00416 0.00831 0.08713
Limulus_polyphemus_2           0.07465 0.04366 0.02817 0.04930 0.01408 0.03944 0.06901 0.07606 0.00986 0.07324 0.09014 0.06761 0.02817 0.03521 0.04225 0.07183 0.06197 0.00845 0.02535 0.09155
Limulus_polyphemus_mito_1      0.10323 0.06889 0.03168 0.05744 0.00593 0.04599 0.04027 0.10323 0.00593 0.07747 0.09464 0.05172 0.02596 0.02310 0.04313 0.05172 0.04886 0.00020 0.03455 0.08606
Limulus_polyphemus_mito_2      0.06920 0.05421 0.02999 0.06805 0.01153 0.02653 0.06228 0.07151 0.02768 0.07612 0.08997 0.05190 0.02884 0.04268 0.04844 0.04498 0.05882 0.01845 0.02768 0.09112
Lokiarchaeum_sp._GC14_75_1     0.05542 0.04388 0.04850 0.05312 0.00696 0.05312 0.06696 0.05542 0.02081 0.10388 0.09465 0.08773 0.01158 0.05312 0.04388 0.06927 0.05312 0.00466 0.03004 0.04388
Lokiarchaeum_sp._GC14_75_2     0.04904 0.03412 0.04052 0.05330 0.01068 0.04052 0.07675 0.07249 0.01920 0.11298 0.11298 0.06822 0.01494 0.04478 0.04691 0.06822 0.04904 0.01068 0.02773 0.04691
Melainabacteria_bacterium_1    0.09166 0.04230 0.04465 0.06463 0.00705 0.03525 0.05288 0.07403 0.01410 0.07403 0.08931 0.08226 0.02350 0.03525 0.03878 0.04583 0.06463 0.01645 0.03408 0.06933
Melainabacteria_bacterium_2    0.06381 0.05214 0.03813 0.07082 0.00934 0.03502 0.06848 0.06926 0.01712 0.08249 0.09961 0.06381 0.03191 0.03346 0.04358 0.04280 0.06304 0.01323 0.03113 0.07082
Methanocaldococcus_jannaschii_1 0.07824 0.06488 0.02481 0.05343 0.00382 0.02863 0.08206 0.08587 0.01527 0.07633 0.09160 0.06679 0.03244 0.03626 0.05343 0.04008 0.06298 0.00191 0.03054 0.07061
Methanocaldococcus_jannaschii_2 0.07105 0.05595 0.02398 0.06039 0.01155 0.02753 0.08437 0.06128 0.01599 0.09414 0.08082 0.07638 0.02842 0.03730 0.05062 0.03552 0.05062 0.01954 0.03375 0.08082
Methanomassiliicoccus_luminyensis_1 0.09930 0.05629 0.02815 0.06411 0.00704 0.03518 0.05786 0.07428 0.01720 0.07271 0.08522 0.06333 0.03049 0.04144 0.04848 0.04691 0.05317 0.01486 0.03206 0.07193
Methanomassiliicoccus_luminyensis_2 0.07994 0.05378 0.02180 0.05959 0.01090 0.03343 0.06395 0.06904 0.01817 0.06613 0.09375 0.06831 0.03198 0.03488 0.04724 0.04942 0.05669 0.01817 0.03561 0.08721
Methanopyrus_kandleri_1        0.08885 0.06625 0.02027 0.06313 0.00701 0.02182 0.10834 0.07327 0.02260 0.05300 0.10288 0.04209 0.02182 0.04209 0.05222 0.03196 0.05144 0.01403 0.02806 0.08885
Methanopyrus_kandleri_2        0.08218 0.07055 0.01382 0.06545 0.01091 0.02327 0.10982 0.06618 0.01673 0.06327 0.09455 0.05382 0.02836 0.02982 0.04945 0.02836 0.04655 0.01673 0.02982 0.10036
Methanosarcina_mazei_1         0.08509 0.05230 0.03435 0.05933 0.00781 0.03357 0.06401 0.07494 0.02264 0.06557 0.09680 0.06167 0.02810 0.04528 0.04996 0.05308 0.04918 0.01249 0.03044 0.07338
Methanosarcina_mazei_2         0.08092 0.05271 0.02524 0.05494 0.01188 0.03860 0.07721 0.06978 0.01782 0.07053 0.08834 0.06088 0.03712 0.03638 0.04454 0.05048 0.05791 0.01782 0.02821 0.07869
Methanothermobacter_thermautotrophicus_1 0.08899 0.07260 0.02264 0.06714 0.00625 0.02498 0.08431 0.07338 0.02030 0.07494 0.08353 0.04684 0.04137 0.04762 0.04606 0.03747 0.04918 0.01561 0.02420 0.07260
Methanothermobacter_thermautotrophicus_2 0.07502 0.06773 0.01894 0.05972 0.01238 0.03423 0.08521 0.07065 0.01311 0.08157 0.08958 0.05535 0.03205 0.03350 0.04880 0.04516 0.05390 0.01748 0.02913 0.07647
Nitrosoarchaeum_limnia_1       0.08083 0.04042 0.04172 0.06258 0.00261 0.03390 0.06128 0.07562 0.01565 0.07432 0.10039 0.07040 0.02086 0.04563 0.04042 0.07171 0.05867 0.00130 0.02477 0.07692
Nitrosoarchaeum_limnia_2       0.06168 0.04790 0.03701 0.05225 0.00871 0.02975 0.07039 0.06604 0.01887 0.08926 0.09216 0.07475 0.02685 0.03338 0.04209 0.06386 0.06386 0.01524 0.03774 0.06821
Nitrosopumilus_maritimus_1     0.07809 0.04762 0.04000 0.05333 0.00191 0.03810 0.07428 0.08190 0.01715 0.07619 0.09333 0.06286 0.02667 0.04000 0.04952 0.05143 0.05905 0.00191 0.02857 0.07809
Nitrosopumilus_maritimus_2     0.06702 0.05115 0.03086 0.05467 0.00794 0.02116 0.07231 0.06261 0.02205 0.07848 0.08995 0.06790 0.03175 0.03616 0.04762 0.06526 0.06702 0.01940 0.04056 0.06614
Odinarchaeota_archaeon_LCB_4_1 0.07812 0.04766 0.03438 0.06172 0.00859 0.02656 0.06406 0.06406 0.01875 0.08828 0.09375 0.08203 0.01953 0.04609 0.04766 0.04766 0.05312 0.01484 0.03516 0.06797
Odinarchaeota_archaeon_LCB_4_2 0.07453 0.05355 0.02894 0.04559 0.01230 0.03039 0.07742 0.06512 0.01375 0.09624 0.10347 0.07453 0.02243 0.03546 0.04631 0.05137 0.06729 0.01592 0.03329 0.05210
Oryza_sativa_1                 0.08197 0.05410 0.04262 0.05902 0.00656 0.04262 0.06229 0.06557 0.01312 0.07049 0.10984 0.05574 0.02459 0.02951 0.04590 0.05574 0.06721 0.00164 0.02787 0.08361
Oryza_sativa_2                 0.09447 0.04724 0.02880 0.05991 0.01843 0.04954 0.04954 0.07028 0.01382 0.07143 0.08756 0.06567 0.03571 0.04032 0.04032 0.06452 0.04839 0.00576 0.02650 0.08180
Oryza_sativa_chloro_1          0.11779 0.06431 0.02420 0.04024 0.00013 0.05896 0.06163 0.09372 0.00815 0.09105 0.09907 0.03757 0.02687 0.02420 0.03222 0.07768 0.05361 0.00013 0.03222 0.05628
Oryza_sativa_chloro_2          0.09820 0.05565 0.02946 0.05565 0.00491 0.03437 0.06710 0.08674 0.00491 0.06547 0.10966 0.05401 0.03437 0.02619 0.04583 0.05074 0.05892 0.00164 0.02455 0.09165
Oryza_sativa_mito_2            0.07814 0.05889 0.03737 0.06229 0.01133 0.02718 0.06002 0.06908 0.01925 0.07928 0.09400 0.04530 0.02492 0.03284 0.05323 0.04643 0.05889 0.02492 0.03058 0.08607
Oscillochloris_trichoides_1    0.10717 0.06732 0.03189 0.05757 0.00266 0.04163 0.06023 0.07529 0.01329 0.07263 0.09655 0.04429 0.02126 0.02923 0.04429 0.04606 0.05226 0.01860 0.03632 0.08149
Oscillochloris_trichoides_2    0.08482 0.06459 0.02490 0.06304 0.00467 0.04591 0.06537 0.07160 0.01868 0.06615 0.09961 0.04125 0.02879 0.03658 0.05214 0.03891 0.06304 0.01556 0.02724 0.08716
Paramecium_tetraurelia_1       0.06716 0.04664 0.03918 0.04851 0.00933 0.05037 0.07836 0.07089 0.02239 0.08395 0.08395 0.05597 0.02799 0.04105 0.05970 0.05784 0.06157 0.00000 0.03358 0.06157
Paramecium_tetraurelia_2       0.07338 0.05057 0.05627 0.06197 0.03917 0.04487 0.03917 0.05627 0.03347 0.07338 0.06767 0.08478 0.07908 0.05627 0.03347 0.04487 0.01066 0.01636 0.02206 0.05627
Physcomitrella_patens_1        0.08464 0.05599 0.04557 0.06380 0.01432 0.04427 0.05469 0.06510 0.01693 0.07682 0.09635 0.06380 0.03385 0.03516 0.04297 0.05208 0.05078 0.00391 0.02865 0.07031
Physcomitrella_patens_2        0.09784 0.05036 0.03165 0.05755 0.01727 0.03885 0.06187 0.07770 0.01439 0.07626 0.09353 0.06187 0.03022 0.03885 0.04317 0.05180 0.05324 0.00719 0.02878 0.06763
Physcomitrella_patens_chloro_1 0.12046 0.05361 0.03222 0.04559 0.00013 0.06163 0.05361 0.09639 0.00815 0.08570 0.09639 0.04559 0.02152 0.02420 0.03489 0.06965 0.05094 0.00013 0.03222 0.06698
Physcomitrella_patens_chloro_2 0.08549 0.05343 0.03117 0.06144 0.00445 0.03028 0.06589 0.07569 0.01247 0.05521 0.10419 0.05165 0.03206 0.04007 0.04898 0.04809 0.06144 0.01959 0.02760 0.09083
Physcomitrella_patens_mito_1   0.11126 0.06363 0.02658 0.05040 0.00806 0.06098 0.04246 0.09538 0.00541 0.08215 0.09538 0.05040 0.01864 0.02923 0.03717 0.06363 0.04510 0.00012 0.03187 0.08215
Physcomitrella_patens_mito_2   0.08136 0.06102 0.03390 0.06667 0.01356 0.03051 0.06328 0.06780 0.02034 0.06780 0.09379 0.04407 0.02373 0.03729 0.04859 0.04407 0.05650 0.02486 0.02486 0.09605
Phytophthora_ramorum_mito_1    0.08215 0.06627 0.03981 0.05304 0.00541 0.05569 0.05569 0.09538 0.00541 0.07157 0.09538 0.04775 0.02394 0.03717 0.04246 0.05834 0.06363 0.00012 0.02129 0.07950
Polysphondylium_pallidum_1     0.07692 0.04507 0.04274 0.06216 0.01088 0.04351 0.05672 0.06527 0.02098 0.07692 0.08780 0.06993 0.02642 0.04584 0.04429 0.05672 0.05750 0.00932 0.03263 0.06838
Polysphondylium_pallidum_2     0.08295 0.04724 0.03917 0.05415 0.01613 0.03571 0.06106 0.07143 0.01382 0.08295 0.08525 0.07028 0.03917 0.04147 0.04263 0.05876 0.05069 0.00922 0.01728 0.08065
Polysphondylium_pallidum_mito_1 0.04461 0.03893 0.05028 0.05596 0.02758 0.05028 0.05028 0.04461 0.02191 0.11839 0.10136 0.07298 0.03893 0.02191 0.03893 0.07298 0.06163 0.01056 0.03326 0.04461
Polysphondylium_pallidum_mito_2 0.07374 0.05475 0.03017 0.06816 0.01676 0.03687 0.06034 0.06704 0.02123 0.07039 0.09162 0.05028 0.03017 0.04358 0.04581 0.04469 0.06816 0.01788 0.02793 0.08045
Pseudanabaena_biceps_1         0.10982 0.04522 0.03359 0.05814 0.00517 0.04651 0.06202 0.08140 0.00775 0.08398 0.10724 0.06718 0.02067 0.02196 0.03747 0.05685 0.05039 0.00517 0.02455 0.07494
Pseudanabaena_biceps_2         0.08165 0.05754 0.02488 0.06532 0.00467 0.04588 0.06454 0.07076 0.01711 0.06998 0.10731 0.04977 0.02644 0.03733 0.04666 0.04588 0.05988 0.01400 0.03110 0.07932
Pyrobaculum_aerophilum_1       0.06994 0.07939 0.01891 0.04915 0.00568 0.02647 0.07183 0.08506 0.02080 0.06994 0.09829 0.05293 0.02269 0.03970 0.05293 0.04915 0.06427 0.01135 0.03970 0.07183
Pyrobaculum_aerophilum_2       0.08246 0.06842 0.01930 0.05000 0.00439 0.01842 0.07193 0.06140 0.02281 0.07719 0.09298 0.05965 0.02105 0.04211 0.06404 0.04474 0.05351 0.02105 0.04035 0.08421
Pyrococcus_furiosus_1          0.08555 0.06464 0.02092 0.05893 0.00381 0.03612 0.07984 0.07794 0.01711 0.08555 0.08745 0.06464 0.02662 0.04373 0.06084 0.03802 0.05893 0.00571 0.03232 0.05133
Pyrococcus_furiosus_2          0.07753 0.06079 0.02115 0.05374 0.00705 0.02643 0.08458 0.05991 0.02291 0.08370 0.09251 0.06696 0.02819 0.03436 0.05727 0.03877 0.04405 0.02291 0.04053 0.07665
Reticulomyxa_filosa_1          0.07861 0.05302 0.04022 0.05484 0.01828 0.04570 0.04753 0.07678 0.02011 0.08409 0.08592 0.06947 0.02925 0.04205 0.04570 0.06033 0.04388 0.00000 0.02011 0.08409
Reticulomyxa_filosa_2          0.07887 0.05915 0.03380 0.04648 0.01549 0.04085 0.07465 0.07324 0.01127 0.07746 0.09718 0.05634 0.02394 0.03521 0.03662 0.05775 0.06479 0.00563 0.02113 0.09014
Reticulomyxa_filosa_mito_2     0.05831 0.03616 0.05000 0.05000 0.03339 0.02785 0.06107 0.07215 0.02785 0.07215 0.09984 0.05831 0.02508 0.04169 0.04723 0.06107 0.05554 0.01124 0.03062 0.08046
Rhodopirellula_baltica_1       0.10546 0.05461 0.02072 0.05085 0.00565 0.03578 0.06026 0.10169 0.01507 0.06215 0.09792 0.05085 0.03013 0.03202 0.05650 0.05085 0.05650 0.00189 0.03013 0.08098
Rhodopirellula_baltica_2       0.08874 0.06870 0.02481 0.06584 0.00477 0.04771 0.05534 0.07824 0.01908 0.06202 0.08969 0.04008 0.02672 0.04771 0.05439 0.04389 0.06298 0.02004 0.02195 0.07729
Rhodopseudomonas_palustris_1   0.09719 0.06916 0.03925 0.06355 0.00748 0.04486 0.04299 0.08411 0.00748 0.07289 0.09345 0.05607 0.02617 0.02991 0.04673 0.05234 0.05421 0.00187 0.02991 0.08037
Rhodopseudomonas_palustris_2   0.09847 0.06310 0.02581 0.06597 0.00669 0.03059 0.06501 0.08031 0.02486 0.06405 0.09082 0.04302 0.02772 0.03250 0.04780 0.03728 0.06597 0.02103 0.03059 0.07839
Rickettsia_bellii_1            0.07042 0.04460 0.04343 0.05047 0.01174 0.04695 0.07160 0.05399 0.02465 0.07864 0.09390 0.07042 0.02817 0.05634 0.03638 0.06103 0.04225 0.01174 0.03521 0.06808
Rickettsia_bellii_2            0.08656 0.03747 0.03359 0.06331 0.00646 0.04393 0.06460 0.07752 0.01421 0.08010 0.10853 0.06848 0.02972 0.02972 0.03488 0.06202 0.05814 0.00258 0.02455 0.07364
Roseobacter_litoralis_1        0.10802 0.05481 0.03018 0.06672 0.00635 0.04289 0.04686 0.07546 0.01668 0.05719 0.08896 0.05083 0.03813 0.04210 0.04210 0.06116 0.05639 0.01033 0.02383 0.08102
Roseobacter_litoralis_2        0.10264 0.05443 0.02722 0.07154 0.00389 0.03421 0.06454 0.07621 0.01944 0.06687 0.09253 0.04588 0.03499 0.03733 0.04510 0.04199 0.05988 0.01866 0.02411 0.07854
Saccharomyces_cerevisiae_1     0.08022 0.05970 0.04105 0.05970 0.00747 0.03918 0.07089 0.07089 0.01866 0.08768 0.08209 0.05224 0.02426 0.04664 0.05224 0.05784 0.06343 0.00187 0.02799 0.05597
Saccharomyces_cerevisiae_2     0.07905 0.04487 0.02565 0.04701 0.01070 0.03419 0.07050 0.08118 0.01070 0.06837 0.09400 0.05342 0.02565 0.03206 0.05342 0.07905 0.07264 0.00856 0.03419 0.07478
Saccharomyces_cerevisiae_mito_2 0.07424 0.05062 0.03037 0.05962 0.00900 0.03375 0.06862 0.07087 0.02025 0.08324 0.09899 0.06299 0.01575 0.04274 0.04612 0.05287 0.06187 0.01687 0.02812 0.07312
Sphingopyxis_alaskensis_1      0.12292 0.06899 0.02458 0.06899 0.00476 0.03489 0.04837 0.08247 0.02062 0.06027 0.10071 0.04837 0.03093 0.03569 0.04362 0.03569 0.05551 0.01586 0.01983 0.07692
Sphingopyxis_alaskensis_2      0.10000 0.06279 0.02558 0.06977 0.00388 0.04264 0.05504 0.08140 0.01783 0.05581 0.10078 0.04574 0.03023 0.03876 0.04884 0.03178 0.06047 0.01938 0.02016 0.08915
Staphylothermus_marinus_1      0.08125 0.06172 0.02422 0.06406 0.00313 0.02188 0.06953 0.06328 0.02031 0.10391 0.09297 0.07422 0.02656 0.04531 0.04688 0.04453 0.04453 0.01172 0.03438 0.06562
Staphylothermus_marinus_2      0.08430 0.06468 0.02108 0.05087 0.00509 0.02180 0.08067 0.07049 0.01599 0.07922 0.09448 0.07703 0.02326 0.04070 0.04506 0.03852 0.04942 0.01744 0.04433 0.07558
Sulfolobus_solfataricus_1      0.08437 0.06263 0.04090 0.05720 0.00286 0.02188 0.06807 0.09524 0.00830 0.08709 0.10882 0.04905 0.03003 0.03275 0.05448 0.04905 0.05448 0.00014 0.03546 0.05720
