AAML (in paml version 4.10.7, June 2023)  tmp0001.txt
Model: Empirical_F,  (/data/scratch/btx126/LUCAdup_notrptyr/control_files/lg.dat) dGamma (ncatG=4) ns = 244  ls = 1519


Frequencies..
                                    A      R      N      D      C      Q      E      G      H      I      L      K      M      F      P      S      T      W      Y      V
Acidobacterium_capsulatum_1    0.10886 0.06830 0.02988 0.05123 0.00961 0.03735 0.06937 0.07257 0.02134 0.05550 0.09392 0.04482 0.03629 0.03629 0.03735 0.02882 0.06617 0.01708 0.03415 0.08111
Acidobacterium_capsulatum_2    0.09541 0.07101 0.02367 0.06139 0.00814 0.03550 0.07396 0.06879 0.02071 0.05991 0.09320 0.04808 0.03033 0.03920 0.04438 0.03476 0.06805 0.01553 0.01923 0.08876
Actinomadura_madurae_1         0.09665 0.07154 0.02588 0.06469 0.00837 0.03729 0.06012 0.08904 0.01903 0.05403 0.08828 0.04033 0.01979 0.03425 0.04110 0.03653 0.06925 0.01294 0.02511 0.10578
Actinomadura_madurae_2         0.10245 0.07275 0.02153 0.08018 0.00742 0.02895 0.06533 0.07721 0.02153 0.06162 0.08760 0.02970 0.02895 0.03860 0.04900 0.04083 0.05642 0.01707 0.01485 0.09800
Aeropyrum_pernix_1             0.08961 0.07536 0.02138 0.06008 0.00305 0.02342 0.07230 0.07128 0.02342 0.05295 0.09470 0.04990 0.01935 0.04379 0.04888 0.04175 0.04582 0.02444 0.02648 0.11202
Aeropyrum_pernix_2             0.08754 0.08136 0.02266 0.05561 0.00618 0.01339 0.07827 0.07003 0.01957 0.07106 0.10196 0.06179 0.01751 0.03193 0.04325 0.03193 0.04943 0.02163 0.03708 0.09784
Agaricus_bisporus_1            0.08834 0.05065 0.04122 0.06360 0.01060 0.03534 0.05183 0.08009 0.01885 0.08009 0.09187 0.05536 0.02473 0.03416 0.04122 0.05300 0.06243 0.00589 0.02002 0.09069
Agaricus_bisporus_2            0.08476 0.04399 0.02897 0.05472 0.01288 0.04185 0.05794 0.07296 0.01609 0.07082 0.08691 0.06652 0.02361 0.03219 0.04292 0.06867 0.06867 0.00322 0.01931 0.10300
Agaricus_bisporus_mito_1       0.10535 0.07191 0.03177 0.06187 0.00836 0.03846 0.05686 0.09866 0.01672 0.08361 0.08863 0.05017 0.02843 0.02676 0.03512 0.04181 0.05184 0.00335 0.02341 0.07692
Agaricus_bisporus_mito_2       0.07910 0.04972 0.03616 0.06441 0.01243 0.02938 0.05650 0.07232 0.02260 0.07345 0.10056 0.05537 0.02825 0.04068 0.05198 0.04633 0.05989 0.01921 0.02486 0.07684
Amphimedon_queenslandica_1     0.08163 0.04682 0.04082 0.05642 0.01561 0.03361 0.05642 0.07443 0.01921 0.07803 0.09484 0.05402 0.02641 0.04322 0.03962 0.05282 0.06002 0.00480 0.01921 0.10204
Amphimedon_queenslandica_2     0.07626 0.05263 0.03115 0.05263 0.01933 0.03545 0.06660 0.07089 0.01504 0.07734 0.08271 0.05693 0.02900 0.03115 0.04082 0.06660 0.06660 0.00537 0.02363 0.09989
Amphimedon_queenslandica_mito_1 0.09532 0.06187 0.03345 0.06020 0.00502 0.04013 0.05518 0.09364 0.01840 0.07692 0.10033 0.05686 0.02341 0.02174 0.03512 0.04348 0.05853 0.00000 0.03010 0.09030
Amphimedon_queenslandica_mito_2 0.07353 0.05543 0.03846 0.07240 0.01584 0.02262 0.05656 0.07240 0.01923 0.06787 0.09729 0.05430 0.03054 0.04072 0.04977 0.04638 0.05317 0.02149 0.03054 0.08145
Aquifex_aeolicus_1             0.09324 0.05560 0.02652 0.05560 0.00770 0.03678 0.07699 0.08127 0.01625 0.06929 0.09153 0.08298 0.01967 0.03422 0.04106 0.02566 0.04876 0.01198 0.02994 0.09495
Arabidopsis_thaliana_1         0.06949 0.05085 0.03729 0.05593 0.01187 0.03220 0.05932 0.07966 0.02204 0.08305 0.08813 0.05085 0.03390 0.03390 0.05254 0.05593 0.06780 0.00170 0.02881 0.08474
Arabidopsis_thaliana_2         0.09434 0.05515 0.03338 0.05660 0.01451 0.02467 0.05951 0.06821 0.01451 0.06386 0.09579 0.04644 0.03774 0.02322 0.04790 0.06676 0.07257 0.00435 0.02903 0.09144
Arabidopsis_thaliana_chloro_1  0.10522 0.04506 0.02357 0.06654 0.01068 0.03217 0.07084 0.09233 0.02357 0.07084 0.08373 0.04506 0.02787 0.03217 0.02787 0.01928 0.06654 0.00209 0.02357 0.13100
Arabidopsis_thaliana_mito_1    0.07943 0.04506 0.02787 0.06225 0.01068 0.02787 0.07514 0.09233 0.02787 0.06654 0.08803 0.05795 0.03217 0.04076 0.04076 0.03217 0.04936 0.00209 0.02357 0.11811
Arabidopsis_thaliana_mito_2    0.08239 0.05982 0.03386 0.05982 0.01467 0.02370 0.06321 0.06772 0.01919 0.07449 0.09481 0.04966 0.02822 0.03499 0.05079 0.04515 0.05756 0.02483 0.02822 0.08691
Archaeoglobus_fulgidus_1       0.08040 0.07370 0.02345 0.05695 0.00670 0.03350 0.08208 0.08543 0.02345 0.08040 0.08710 0.03853 0.03350 0.03183 0.05360 0.03183 0.05695 0.00168 0.03015 0.08878
Archaeoglobus_fulgidus_2       0.08355 0.05968 0.02643 0.04859 0.01108 0.02643 0.09122 0.06479 0.01535 0.07758 0.07758 0.06479 0.02472 0.03069 0.05286 0.03581 0.05371 0.02046 0.03922 0.09548
Bathycoccus_prasinos_1         0.07578 0.05601 0.05272 0.05766 0.00824 0.03624 0.06919 0.07084 0.01318 0.08402 0.10379 0.04778 0.02142 0.04283 0.03954 0.05601 0.05931 0.00165 0.02471 0.07908
Bathycoccus_prasinos_2         0.09442 0.04399 0.03433 0.05579 0.01824 0.04399 0.06760 0.06652 0.01180 0.06760 0.08476 0.05901 0.03219 0.03433 0.04292 0.06330 0.06438 0.00322 0.02468 0.08691
Bathycoccus_prasinos_chloro_1  0.07514 0.04076 0.02787 0.06225 0.00639 0.03646 0.07514 0.08803 0.03217 0.06654 0.06225 0.04506 0.03646 0.03217 0.02787 0.05365 0.06225 0.00209 0.02357 0.14389
Bathycoccus_prasinos_chloro_2  0.08800 0.05244 0.03200 0.06667 0.01067 0.02756 0.06133 0.07644 0.01422 0.05511 0.10578 0.05600 0.03022 0.03378 0.05244 0.04889 0.06044 0.01689 0.02578 0.08533
Bathycoccus_prasinos_mito_1    0.09662 0.04506 0.02787 0.06225 0.01068 0.03217 0.07514 0.08373 0.03217 0.05795 0.08373 0.05795 0.03646 0.04506 0.03217 0.03217 0.06225 0.00209 0.01928 0.10522
Bathycoccus_prasinos_mito_2    0.08101 0.05131 0.03150 0.07651 0.01440 0.02520 0.06481 0.06841 0.02070 0.07561 0.07831 0.05491 0.03690 0.04140 0.04680 0.04680 0.06121 0.01980 0.02250 0.08191
Batrachochytrium_dendrobatidis_1 0.08732 0.04665 0.04426 0.05742 0.01077 0.02632 0.05622 0.07536 0.02033 0.08373 0.09809 0.06220 0.02273 0.03947 0.04067 0.05024 0.05981 0.00359 0.02273 0.09211
Batrachochytrium_dendrobatidis_2 0.07841 0.04511 0.02793 0.05908 0.01611 0.03652 0.05908 0.07411 0.01289 0.08056 0.08808 0.06337 0.02900 0.03115 0.04082 0.07197 0.06552 0.00430 0.02363 0.09237
Batrachochytrium_dendrobatidis_mito_1 0.09717 0.06360 0.03357 0.05654 0.00707 0.05124 0.05830 0.09364 0.01767 0.07067 0.08834 0.05477 0.02827 0.03180 0.03357 0.04770 0.05124 0.00177 0.02474 0.08834
Batrachochytrium_dendrobatidis_mito_2 0.08588 0.05311 0.03729 0.06441 0.01243 0.03729 0.05876 0.07232 0.02034 0.07571 0.08927 0.04972 0.03390 0.04068 0.05085 0.03503 0.06102 0.02034 0.02712 0.07458
Bodo_saltans_1                 0.09239 0.04365 0.03959 0.05990 0.02132 0.03959 0.05279 0.06904 0.02335 0.05787 0.07817 0.05584 0.03350 0.04975 0.03655 0.05482 0.05685 0.01218 0.03147 0.09137
Bodo_saltans_2                 0.09120 0.05150 0.02897 0.04828 0.01502 0.04292 0.06760 0.07189 0.01288 0.07403 0.08584 0.05579 0.02682 0.03004 0.04185 0.06652 0.05579 0.00429 0.02361 0.10515
Bodo_saltans_mito_2            0.07222 0.06000 0.02778 0.06556 0.01889 0.04000 0.05778 0.06556 0.02111 0.06222 0.10333 0.04000 0.03000 0.03778 0.05111 0.04333 0.06111 0.01889 0.02667 0.09667
Caldiarchaeum_subterraneum_1   0.09190 0.05804 0.02418 0.05925 0.00000 0.03748 0.06530 0.08464 0.01693 0.07255 0.11366 0.04837 0.02297 0.03144 0.04837 0.05562 0.04716 0.00121 0.02660 0.09432
Caldiarchaeum_subterraneum_2   0.07346 0.06722 0.02911 0.04920 0.00762 0.02010 0.07623 0.06722 0.01455 0.07346 0.09217 0.05405 0.02356 0.03326 0.05821 0.05475 0.06791 0.01386 0.04019 0.08385
Caldisericum_exile_1           0.06688 0.04854 0.04099 0.05286 0.00647 0.02481 0.07875 0.06580 0.02050 0.08846 0.07875 0.07228 0.02589 0.05825 0.03991 0.04207 0.05825 0.01294 0.03776 0.07983
Caldisericum_exile_2           0.05816 0.04694 0.03673 0.07041 0.00612 0.01837 0.07041 0.06020 0.01735 0.08571 0.10102 0.07347 0.02143 0.04898 0.04184 0.04796 0.05714 0.01735 0.04082 0.07959
Caldithrix_abyssi_1            0.09098 0.05199 0.02982 0.05046 0.00153 0.03746 0.07722 0.07875 0.02217 0.07492 0.09098 0.06728 0.02905 0.03517 0.04205 0.02905 0.05275 0.01529 0.03593 0.08716
Caldithrix_abyssi_2            0.07561 0.05856 0.02817 0.06597 0.00222 0.03410 0.07932 0.06597 0.02372 0.08673 0.08599 0.05930 0.03262 0.03929 0.04670 0.04374 0.05634 0.01557 0.02743 0.07265
Caldivirga_maquilingensis_1    0.08290 0.07106 0.03183 0.06218 0.00074 0.01925 0.05699 0.06958 0.02147 0.06958 0.10215 0.04811 0.03183 0.03775 0.04441 0.04811 0.04959 0.01480 0.03627 0.10141
Caldivirga_maquilingensis_2    0.07667 0.06917 0.03000 0.05333 0.00417 0.01667 0.07500 0.06750 0.01667 0.09000 0.08500 0.04750 0.02917 0.03583 0.05500 0.04833 0.05917 0.01833 0.03583 0.08667
Campylobacter_jejuni_1         0.09847 0.05603 0.03056 0.05433 0.00170 0.03396 0.06961 0.09847 0.01698 0.07470 0.08489 0.06112 0.02886 0.02717 0.03226 0.04924 0.05263 0.00000 0.02886 0.10017
Campylobacter_jejuni_2         0.07414 0.04702 0.04702 0.06781 0.00995 0.02532 0.07776 0.06962 0.01537 0.07414 0.08770 0.07143 0.02984 0.04521 0.03707 0.04792 0.04521 0.01085 0.03707 0.07957
Cenarchaeum_symbiosum_1        0.08445 0.06430 0.02783 0.06238 0.00480 0.02975 0.06718 0.09021 0.02687 0.08349 0.08253 0.04702 0.02687 0.03647 0.05182 0.04990 0.06142 0.00768 0.02111 0.07390
Cenarchaeum_symbiosum_2        0.07255 0.06401 0.02418 0.06117 0.00996 0.02347 0.07041 0.08321 0.01920 0.07041 0.09033 0.05121 0.03129 0.02987 0.04623 0.06330 0.06543 0.01422 0.03272 0.07681
Chlamydia_trachomatis_1        0.09731 0.05034 0.03188 0.05537 0.00671 0.04195 0.06208 0.09396 0.01846 0.07886 0.08725 0.04866 0.03188 0.02685 0.03859 0.04362 0.06040 0.00168 0.02852 0.09564
Chlamydia_trachomatis_2        0.07046 0.05556 0.03930 0.07317 0.00542 0.03252 0.06911 0.06369 0.02439 0.07588 0.07859 0.05420 0.03252 0.04878 0.04607 0.04607 0.05691 0.02846 0.02304 0.07588
Chlamydomonas_reinhardtii_1    0.07619 0.05991 0.03277 0.04905 0.00291 0.03819 0.07619 0.07619 0.02191 0.08433 0.09519 0.04905 0.02462 0.03548 0.05991 0.05448 0.05991 0.00020 0.03277 0.07076
Chlamydomonas_reinhardtii_2    0.09741 0.06277 0.03246 0.05844 0.02380 0.03246 0.05844 0.04545 0.02380 0.08009 0.06277 0.04545 0.03679 0.00648 0.04545 0.05844 0.08875 0.00215 0.01947 0.11906
Chlamydomonas_reinhardtii_chloro_1 0.08803 0.04076 0.04506 0.06654 0.00639 0.03217 0.07514 0.08373 0.02787 0.07084 0.07084 0.05365 0.02787 0.02787 0.02787 0.01928 0.07514 0.00209 0.02357 0.13529
Chlamydomonas_reinhardtii_chloro_2 0.07171 0.07171 0.04184 0.04980 0.00599 0.02391 0.06971 0.08365 0.01993 0.05578 0.08963 0.03785 0.02790 0.04582 0.05578 0.03586 0.06772 0.03785 0.03586 0.07171
Chlamydomonas_reinhardtii_mito_1 0.12143 0.04041 0.02335 0.06173 0.01482 0.04467 0.06599 0.08731 0.02761 0.07452 0.05746 0.06173 0.02761 0.03614 0.03188 0.02761 0.06173 0.00203 0.01908 0.11290
Chlamydomonas_reinhardtii_mito_2 0.08245 0.05603 0.03277 0.06977 0.01268 0.03277 0.06131 0.06765 0.01797 0.06342 0.08457 0.04440 0.02748 0.04017 0.05920 0.05074 0.06237 0.01797 0.02114 0.09514
Chlorobium_phaeovibrioides_1   0.10038 0.05441 0.03065 0.05211 0.00153 0.03295 0.06973 0.08506 0.01992 0.06743 0.09962 0.05594 0.02835 0.03908 0.04061 0.04368 0.05670 0.01303 0.02759 0.08123
Chlorobium_phaeovibrioides_2   0.09644 0.05861 0.02671 0.07789 0.00371 0.02745 0.06009 0.07715 0.01484 0.07270 0.09050 0.05267 0.02967 0.03487 0.04451 0.04896 0.05564 0.01484 0.02819 0.08457
Chloroflexus_1                 0.11074 0.06879 0.03020 0.05705 0.00504 0.05034 0.06376 0.09228 0.01175 0.08389 0.08221 0.03859 0.02014 0.02517 0.03859 0.03524 0.05705 0.00000 0.02852 0.10067
Chloroflexus_2                 0.07498 0.07046 0.02529 0.06594 0.00542 0.03433 0.07588 0.07407 0.01807 0.07678 0.07859 0.03794 0.02439 0.04246 0.05601 0.04065 0.05872 0.01807 0.03252 0.08943
Chlorogloeopsis_fritschii_1    0.11086 0.04817 0.02982 0.05734 0.00535 0.04740 0.06498 0.08104 0.01453 0.07263 0.09174 0.05581 0.02446 0.03211 0.03746 0.03899 0.06040 0.01147 0.03135 0.08410
Chlorogloeopsis_fritschii_2    0.07858 0.06227 0.03113 0.06523 0.00593 0.03558 0.07265 0.07265 0.01408 0.06820 0.09711 0.04967 0.02743 0.03039 0.04967 0.04596 0.06375 0.01334 0.02891 0.08747
Chondrus_crispus_1             0.07744 0.06679 0.03748 0.05346 0.00284 0.03748 0.07211 0.08011 0.02149 0.07211 0.08810 0.03215 0.02948 0.03748 0.06679 0.05879 0.05879 0.00018 0.03215 0.07478
Chondrus_crispus_2             0.09579 0.04935 0.02467 0.05515 0.00871 0.03193 0.06531 0.06967 0.01306 0.07402 0.08708 0.04354 0.03338 0.02903 0.05080 0.07547 0.07402 0.00581 0.02032 0.09289
Chondrus_crispus_chloro_1      0.09233 0.04076 0.03217 0.06225 0.00639 0.03646 0.07514 0.08803 0.02787 0.09662 0.07084 0.04936 0.03217 0.03217 0.02357 0.03217 0.07084 0.00209 0.02357 0.10522
Chondrus_crispus_chloro_2      0.07512 0.05419 0.02709 0.06034 0.00616 0.03571 0.06650 0.07759 0.01724 0.07389 0.09852 0.04926 0.02833 0.03571 0.05542 0.04803 0.06034 0.02217 0.03079 0.07759
Chondrus_crispus_mito_2        0.09042 0.05967 0.03255 0.07233 0.00995 0.02622 0.06239 0.07505 0.02080 0.06691 0.09313 0.04069 0.02893 0.03888 0.04611 0.04792 0.06058 0.01627 0.02351 0.08770
Chthonomonas_calidirosea_2     0.09030 0.07106 0.02517 0.06144 0.01110 0.03627 0.07328 0.06884 0.01850 0.07624 0.09474 0.03775 0.02591 0.03997 0.05255 0.03257 0.06588 0.01702 0.02369 0.07772
Cloacimonas_acidaminovorans_1  0.09439 0.04078 0.03220 0.06651 0.00647 0.03006 0.06866 0.08367 0.02148 0.08581 0.08367 0.07080 0.02577 0.04078 0.02791 0.02362 0.07080 0.00218 0.01933 0.10511
Cloacimonas_acidaminovorans_2  0.08834 0.06034 0.03665 0.07541 0.00865 0.02157 0.06034 0.07326 0.01296 0.09480 0.09049 0.07111 0.03234 0.04311 0.03234 0.03449 0.06465 0.00219 0.01942 0.07757
Clostridium_acetobutylicum_1   0.09060 0.04530 0.03020 0.05537 0.00504 0.03691 0.07382 0.09899 0.01342 0.07550 0.08221 0.06544 0.03188 0.02685 0.03020 0.05034 0.05705 0.00000 0.03356 0.09731
Clostridium_acetobutylicum_2   0.07498 0.04878 0.04246 0.06956 0.00632 0.03162 0.07769 0.06956 0.01536 0.08040 0.08130 0.05781 0.03342 0.03433 0.04697 0.03975 0.05962 0.01626 0.03342 0.08040
Cyanidioschyzon_merolae_1      0.11473 0.06736 0.02665 0.05922 0.01406 0.03627 0.05255 0.06070 0.02517 0.06070 0.09919 0.03849 0.02443 0.04219 0.05255 0.04663 0.05477 0.01406 0.02813 0.08216
Cyanidioschyzon_merolae_2      0.09032 0.07419 0.02366 0.05591 0.01290 0.03118 0.06344 0.07097 0.01183 0.05269 0.09462 0.03763 0.03118 0.03118 0.04516 0.06989 0.06774 0.00645 0.02043 0.10860
Cyanidioschyzon_merolae_chloro_1 0.11074 0.05201 0.03188 0.05705 0.00336 0.04866 0.05537 0.09396 0.01678 0.07550 0.08725 0.04698 0.02852 0.02349 0.03020 0.05201 0.05872 0.00168 0.02517 0.10067
Cyanidioschyzon_merolae_chloro_2 0.09253 0.06940 0.02135 0.05694 0.00623 0.04181 0.06495 0.07384 0.01690 0.07206 0.11210 0.04004 0.02580 0.04004 0.04626 0.04181 0.05605 0.01423 0.02402 0.08363
Cyanidioschyzon_merolae_mito_1 0.11475 0.07744 0.02682 0.06146 0.00550 0.05879 0.04813 0.09876 0.01083 0.07211 0.09343 0.04547 0.02149 0.02682 0.03748 0.05346 0.03748 0.00018 0.02416 0.08544
Cyanidioschyzon_merolae_mito_2 0.09468 0.07665 0.02344 0.06312 0.01443 0.03517 0.07033 0.06673 0.02525 0.06492 0.09648 0.02976 0.02795 0.03607 0.04509 0.03787 0.06132 0.01713 0.02615 0.08747
Cyanobium_gracile_1            0.12586 0.06789 0.02136 0.05797 0.00610 0.04272 0.06255 0.08238 0.01831 0.05568 0.10755 0.03966 0.02365 0.02822 0.03661 0.03814 0.05721 0.01297 0.02441 0.09077
Cyanobium_gracile_2            0.10526 0.07042 0.01853 0.06449 0.00593 0.03262 0.07116 0.07932 0.01853 0.05634 0.10823 0.04151 0.02372 0.03410 0.05189 0.04374 0.05782 0.01408 0.01557 0.08673
Cyanophora_paradoxa_1          0.09774 0.05999 0.04223 0.06221 0.01781 0.02225 0.06221 0.06887 0.01781 0.04889 0.10662 0.04889 0.02669 0.05555 0.04667 0.04001 0.05777 0.02225 0.03779 0.05777
Cyanophora_paradoxa_2          0.10202 0.04177 0.03019 0.05799 0.02555 0.03250 0.06726 0.06726 0.01628 0.05799 0.08348 0.07190 0.03250 0.03250 0.03250 0.04873 0.06726 0.00238 0.01860 0.11129
Cylindrospermopsis_raciborskii_1 0.10153 0.04885 0.03130 0.05802 0.00382 0.05267 0.06260 0.08550 0.01374 0.07557 0.09008 0.05420 0.02519 0.03130 0.03511 0.04504 0.05802 0.01145 0.02977 0.08626
Cylindrospermopsis_raciborskii_2 0.08006 0.06079 0.03706 0.06597 0.00593 0.04077 0.06449 0.06968 0.01631 0.06672 0.10007 0.04893 0.02743 0.03039 0.04670 0.04522 0.06523 0.01408 0.02669 0.08747
Desulfurispirillum_indicum_2   0.08776 0.06735 0.02347 0.06633 0.01122 0.03571 0.06429 0.06327 0.02041 0.08367 0.07857 0.05102 0.03265 0.04388 0.03878 0.04898 0.05204 0.01735 0.03163 0.08163
Dictyoglomus_turgidum_1        0.08725 0.06208 0.03356 0.05537 0.00168 0.03356 0.06711 0.09731 0.02014 0.09396 0.09228 0.04866 0.02517 0.03691 0.03859 0.02852 0.05705 0.00000 0.03691 0.08389
Dictyoglomus_turgidum_2        0.05624 0.05930 0.02556 0.05419 0.01125 0.02658 0.08384 0.06544 0.01534 0.07975 0.10123 0.06135 0.03067 0.03988 0.05215 0.04908 0.04908 0.02556 0.03988 0.07362
Dictyostelium_discoideum_1     0.07395 0.05546 0.03529 0.05546 0.01009 0.02857 0.06218 0.07899 0.02689 0.08907 0.07731 0.04874 0.03193 0.03361 0.05378 0.06555 0.06218 0.00336 0.02521 0.08235
Dictyostelium_discoideum_2     0.07547 0.05225 0.03919 0.04644 0.01742 0.03628 0.05951 0.07257 0.01597 0.08418 0.08563 0.03919 0.03919 0.02903 0.05660 0.06821 0.06676 0.00581 0.01887 0.09144
Dictyostelium_discoideum_mito_1 0.10092 0.04506 0.02787 0.03217 0.01068 0.02787 0.09233 0.08803 0.03217 0.07514 0.07943 0.04936 0.02357 0.04076 0.04076 0.03646 0.07084 0.00209 0.01928 0.10522
Dictyostelium_discoideum_mito_2 0.07623 0.04933 0.02578 0.07063 0.01682 0.03475 0.05381 0.07063 0.02130 0.07848 0.08520 0.05493 0.03363 0.03700 0.04933 0.04709 0.06278 0.01682 0.03363 0.08184
Ectocarpus_siliculosus_1       0.09000 0.05463 0.04374 0.05735 0.00837 0.03558 0.07095 0.06823 0.02197 0.07095 0.10361 0.03558 0.03286 0.03014 0.05735 0.06279 0.05463 0.00292 0.03014 0.06823
Ectocarpus_siliculosus_2       0.07514 0.05491 0.02601 0.05636 0.02023 0.03757 0.06792 0.07659 0.01301 0.06503 0.08526 0.03902 0.02746 0.02746 0.04913 0.07370 0.06936 0.00578 0.02457 0.10549
Ectocarpus_siliculosus_chloro_1 0.09233 0.04076 0.02787 0.06225 0.00639 0.03217 0.07514 0.09233 0.03217 0.08373 0.07514 0.04936 0.03217 0.03646 0.02357 0.03646 0.07084 0.00209 0.02357 0.10522
Ectocarpus_siliculosus_mito_2  0.09459 0.05766 0.02793 0.06757 0.01441 0.02432 0.06486 0.07477 0.02072 0.05946 0.08919 0.04595 0.03243 0.03784 0.04685 0.04144 0.06937 0.01532 0.02793 0.08739
Elphidium_margaritaceum_1      0.08850 0.05575 0.04071 0.05752 0.01504 0.04248 0.06106 0.06195 0.02124 0.05575 0.09558 0.06018 0.02920 0.04425 0.04248 0.05310 0.05398 0.01150 0.03894 0.07080
Elphidium_margaritaceum_2      0.08779 0.05139 0.03319 0.05246 0.01820 0.03533 0.06210 0.07281 0.01392 0.07709 0.09850 0.05567 0.02463 0.03319 0.03747 0.06210 0.06852 0.00321 0.02248 0.08994
Elphidium_margaritaceum_mito_2 0.06383 0.05711 0.02576 0.06495 0.02688 0.04143 0.05823 0.07279 0.02016 0.06831 0.08399 0.04591 0.03919 0.04255 0.04143 0.05599 0.05487 0.02240 0.03359 0.08063
Elusimicrobium_minutum_1       0.07656 0.04482 0.03828 0.05415 0.00747 0.03922 0.05789 0.08123 0.01961 0.07096 0.08683 0.07283 0.02894 0.03735 0.04575 0.05229 0.05415 0.01307 0.03455 0.08403
Elusimicrobium_minutum_2       0.08582 0.05149 0.03342 0.06685 0.00994 0.03162 0.07227 0.06775 0.01716 0.08853 0.08491 0.06504 0.02078 0.03613 0.04697 0.03975 0.05330 0.01626 0.02981 0.08220
Fibrobacter_succinogenes_1     0.09101 0.05246 0.04390 0.06103 0.01499 0.02998 0.05996 0.06852 0.02677 0.06317 0.07923 0.06638 0.03533 0.03747 0.03640 0.02784 0.05567 0.02248 0.03426 0.09315
Fibrobacter_succinogenes_2     0.07434 0.05804 0.04073 0.06517 0.01018 0.02851 0.05906 0.06619 0.02648 0.07332 0.08656 0.06619 0.03259 0.04379 0.04277 0.04582 0.05601 0.01833 0.02037 0.08554
Galdieria_sulphuraria_1        0.08414 0.05517 0.03724 0.06483 0.01379 0.03034 0.04828 0.07310 0.01655 0.07724 0.10207 0.05517 0.02759 0.04276 0.04552 0.04966 0.05379 0.00414 0.02069 0.09793
Galdieria_sulphuraria_2        0.08378 0.04941 0.03008 0.05478 0.01396 0.03759 0.06660 0.07197 0.01074 0.06015 0.09560 0.05800 0.03222 0.02900 0.04941 0.06767 0.05800 0.00430 0.02578 0.10097
Galdieria_sulphuraria_chloro_1 0.10235 0.04530 0.04195 0.05369 0.00336 0.05201 0.07047 0.09228 0.01175 0.09564 0.08725 0.05034 0.02349 0.02517 0.03188 0.05201 0.05369 0.00000 0.02685 0.08054
Galdieria_sulphuraria_chloro_2 0.07232 0.05989 0.03164 0.05650 0.01017 0.03955 0.06667 0.06780 0.01921 0.08701 0.10395 0.04068 0.02486 0.03842 0.04746 0.04972 0.05537 0.02260 0.03842 0.06780
Galdieria_sulphuraria_mito_1   0.10183 0.06511 0.02671 0.05843 0.00835 0.04007 0.06010 0.09850 0.01503 0.05676 0.08514 0.05509 0.02838 0.03506 0.03339 0.05175 0.04341 0.00167 0.02504 0.11018
Galdieria_sulphuraria_mito_2   0.08303 0.06769 0.02888 0.06769 0.01083 0.03610 0.06679 0.06949 0.02347 0.07310 0.09206 0.04603 0.02347 0.04061 0.04513 0.04061 0.05686 0.01625 0.02888 0.08303
Gemmatimonas_aurantiaca_2      0.09919 0.06958 0.02517 0.07402 0.00592 0.03035 0.06588 0.07624 0.01850 0.06514 0.08956 0.04071 0.02665 0.03553 0.04737 0.03627 0.05996 0.01702 0.01999 0.09697
Gloeobacter_violaceus_1        0.10856 0.06422 0.02676 0.05199 0.00459 0.03746 0.06728 0.08104 0.01376 0.06881 0.10398 0.05122 0.01988 0.03440 0.03823 0.04052 0.05505 0.01070 0.03211 0.08945
Gloeobacter_violaceus_2        0.09118 0.07042 0.02743 0.07265 0.00371 0.03929 0.06227 0.07265 0.01483 0.06079 0.10600 0.04448 0.02446 0.03706 0.05189 0.03855 0.05708 0.01483 0.02150 0.08895
Haloarcula_marismortui_1       0.08803 0.04506 0.03646 0.07943 0.01498 0.04076 0.06654 0.08373 0.04076 0.06654 0.07943 0.03646 0.02357 0.03646 0.04076 0.03217 0.06225 0.00209 0.00639 0.11811
Haloarcula_marismortui_2       0.07432 0.05676 0.02703 0.08784 0.01351 0.03784 0.10270 0.05270 0.02432 0.06081 0.08243 0.02432 0.02162 0.03919 0.04865 0.04324 0.06486 0.02432 0.02568 0.08784
Heimdallarchaeota_archaeon_AB_125_1 0.08124 0.04136 0.03693 0.07016 0.00739 0.03545 0.05391 0.06499 0.02142 0.08493 0.09749 0.06942 0.02068 0.04948 0.04284 0.04874 0.05539 0.00960 0.03028 0.07829
Heimdallarchaeota_archaeon_AB_125_2 0.07277 0.05128 0.03326 0.06237 0.00901 0.03326 0.07069 0.06999 0.01802 0.09009 0.09078 0.06653 0.02426 0.04297 0.04712 0.05613 0.05475 0.01040 0.02633 0.06999
Heimdallarchaeota_archaeon_LC_2_1 0.07576 0.05882 0.04456 0.05882 0.00535 0.03387 0.06774 0.07576 0.02050 0.08021 0.09002 0.06061 0.02763 0.05615 0.04813 0.04813 0.04813 0.01159 0.02585 0.06239
Heimdallarchaeota_archaeon_LC_2_2 0.07768 0.04237 0.03249 0.05791 0.00424 0.03531 0.07345 0.09040 0.00989 0.09322 0.09181 0.07486 0.02966 0.03249 0.04520 0.04944 0.05367 0.00706 0.02401 0.07486
Heimdallarchaeota_archaeon_LC_3_1 0.07504 0.05126 0.04235 0.05869 0.00446 0.03269 0.06315 0.07132 0.01857 0.09510 0.08470 0.06984 0.01486 0.04903 0.04309 0.05052 0.05126 0.01040 0.03343 0.08024
Heimdallarchaeota_archaeon_LC_3_2 0.06496 0.04907 0.03594 0.06151 0.00484 0.02833 0.07464 0.06289 0.01797 0.10159 0.09191 0.06634 0.02557 0.04147 0.04492 0.06358 0.05805 0.01175 0.02972 0.06496
Homo_sapiens_1                 0.08291 0.05245 0.03892 0.05753 0.01354 0.03046 0.05584 0.08122 0.02369 0.08122 0.08798 0.04569 0.02707 0.03553 0.05245 0.05415 0.05753 0.00339 0.02538 0.09306
Homo_sapiens_2                 0.07692 0.05515 0.02612 0.05225 0.01306 0.03048 0.06241 0.07257 0.01306 0.07692 0.08853 0.04644 0.04064 0.02177 0.05080 0.08273 0.06386 0.00581 0.02612 0.09434
Homo_sapiens_mito_1            0.09866 0.06522 0.03345 0.06187 0.01004 0.03512 0.05518 0.09364 0.01840 0.06689 0.10869 0.04682 0.02508 0.02508 0.03512 0.04348 0.05853 0.00167 0.02843 0.08863
Homo_sapiens_mito_2            0.08046 0.06207 0.02299 0.06092 0.01379 0.03448 0.05862 0.07356 0.02184 0.06322 0.10690 0.04023 0.02759 0.03793 0.05402 0.04828 0.05747 0.01954 0.02874 0.08736
Hydra_vulgaris_1               0.08053 0.04808 0.04567 0.05769 0.01683 0.03245 0.05168 0.07212 0.02163 0.08413 0.09495 0.06130 0.03125 0.03486 0.04327 0.05649 0.05649 0.00481 0.01683 0.08894
Hydra_vulgaris_2               0.08262 0.04721 0.03112 0.05472 0.02039 0.03648 0.06009 0.06867 0.01395 0.07833 0.08906 0.06009 0.02897 0.02790 0.04506 0.07403 0.06330 0.00536 0.02361 0.08906
Hydra_vulgaris_mito_1          0.10200 0.05686 0.03177 0.05686 0.01004 0.03846 0.05518 0.09866 0.01840 0.06856 0.09532 0.05518 0.03010 0.02341 0.03679 0.05017 0.05184 0.00000 0.02843 0.09197
Hydra_vulgaris_mito_2          0.07797 0.05311 0.04068 0.06554 0.01582 0.02599 0.05876 0.06667 0.02260 0.07458 0.09153 0.05537 0.03051 0.03955 0.04633 0.04859 0.05537 0.01921 0.03277 0.07910
Hyperthermus_butylicus_1       0.08963 0.07111 0.02370 0.05259 0.00222 0.02593 0.07185 0.06741 0.02000 0.07111 0.09259 0.05926 0.02667 0.04667 0.04889 0.04296 0.05259 0.01333 0.02593 0.09556
Hyperthermus_butylicus_2       0.07543 0.07543 0.02284 0.05329 0.00346 0.02215 0.08374 0.07405 0.01730 0.07958 0.09965 0.05813 0.01938 0.02976 0.04844 0.03875 0.05536 0.01869 0.03875 0.08581
Ignicoccus_hospitalis_1        0.09024 0.05473 0.03180 0.05547 0.00148 0.02219 0.07322 0.06435 0.01849 0.06879 0.08802 0.07175 0.03254 0.04364 0.04586 0.03994 0.05251 0.01479 0.03033 0.09985
Ignicoccus_hospitalis_2        0.08299 0.05809 0.02420 0.05394 0.00553 0.01729 0.08091 0.06293 0.01729 0.06916 0.09267 0.07676 0.02697 0.03043 0.05325 0.04288 0.05671 0.02420 0.03250 0.09129
Jidaibacter_acanthamoeba_1     0.09750 0.04333 0.03250 0.06250 0.01000 0.03667 0.06250 0.06833 0.01917 0.07000 0.09583 0.07917 0.02417 0.03833 0.03333 0.05000 0.05333 0.00917 0.03333 0.08083
Jidaibacter_acanthamoeba_2     0.09928 0.04545 0.02751 0.06938 0.00239 0.03708 0.07416 0.06938 0.01435 0.08732 0.10048 0.06818 0.02632 0.02632 0.04067 0.05263 0.06220 0.00120 0.01435 0.08134
Jonquetella_anthropi_1         0.10054 0.05833 0.02840 0.05986 0.01151 0.03454 0.06063 0.08749 0.01919 0.05526 0.09517 0.04682 0.02916 0.03607 0.04144 0.04988 0.05295 0.01535 0.03070 0.08672
Jonquetella_anthropi_2         0.09064 0.07429 0.02303 0.06909 0.00892 0.03120 0.06612 0.07207 0.01560 0.05572 0.10327 0.04383 0.03195 0.03715 0.04755 0.04606 0.05869 0.01783 0.02229 0.08470
Korarchaeum_cryptofilum_1      0.06734 0.06734 0.02357 0.06229 0.00337 0.03030 0.07744 0.08586 0.02357 0.08417 0.10101 0.04714 0.02189 0.03704 0.05556 0.04545 0.04545 0.00169 0.02189 0.09764
Korarchaeum_cryptofilum_2      0.07441 0.07274 0.02926 0.05435 0.00585 0.02174 0.08027 0.07023 0.02174 0.07609 0.09448 0.04097 0.02258 0.03846 0.05686 0.05268 0.04849 0.01923 0.03763 0.08194
Kosmotoga_olearia_1            0.09098 0.04703 0.03084 0.05860 0.00540 0.02699 0.07864 0.08173 0.02082 0.08558 0.08712 0.07402 0.02467 0.03084 0.03932 0.03392 0.05320 0.01002 0.03855 0.08173
Kosmotoga_olearia_2            0.07344 0.05638 0.02893 0.06825 0.00519 0.02967 0.07567 0.06677 0.01409 0.08902 0.08309 0.06380 0.02967 0.04080 0.04599 0.04451 0.05415 0.01558 0.02745 0.08754
Latescibacteria_bacterium_1    0.09881 0.06679 0.02379 0.04849 0.01098 0.03660 0.06679 0.08417 0.02196 0.05764 0.10064 0.04758 0.02562 0.03385 0.03934 0.04483 0.05398 0.01372 0.03294 0.09149
Latescibacteria_bacterium_2    0.08226 0.06562 0.02588 0.06470 0.00739 0.02865 0.07671 0.07116 0.01941 0.06470 0.10166 0.04713 0.02588 0.03789 0.04436 0.04898 0.06377 0.01386 0.02033 0.08965
Leishmania_major_1             0.10297 0.04078 0.03435 0.07295 0.02148 0.03863 0.04507 0.08152 0.02791 0.05793 0.09010 0.06222 0.03220 0.02791 0.03220 0.04292 0.04721 0.00647 0.01290 0.12227
Leishmania_major_2             0.08584 0.05579 0.03648 0.05258 0.01502 0.04506 0.06330 0.07082 0.01180 0.06652 0.08476 0.04936 0.03219 0.03112 0.03970 0.06760 0.05472 0.00429 0.02468 0.10837
Leishmania_major_mito_2        0.08090 0.05843 0.02697 0.07191 0.01573 0.03258 0.05730 0.06292 0.02584 0.05843 0.10000 0.04719 0.03258 0.03933 0.04831 0.04494 0.05618 0.01798 0.02697 0.09551
Lentisphaera_araneosa_1        0.09509 0.04831 0.03451 0.06058 0.00767 0.03681 0.05828 0.07669 0.01917 0.07669 0.08512 0.06365 0.02531 0.03681 0.04141 0.04601 0.06748 0.01304 0.03221 0.07515
Lentisphaera_araneosa_2        0.10199 0.04083 0.04083 0.06801 0.01138 0.03856 0.06801 0.06348 0.01591 0.07707 0.08613 0.06121 0.03403 0.03630 0.02497 0.05668 0.07027 0.00232 0.01364 0.08840
Leptolyngbya_valderiana_1      0.11456 0.04893 0.02625 0.05847 0.00358 0.04415 0.07518 0.09189 0.01074 0.07637 0.09666 0.05609 0.02148 0.02745 0.03103 0.04296 0.05967 0.00239 0.02148 0.09069
Limulus_polyphemus_1           0.10017 0.04414 0.04924 0.06282 0.02038 0.03056 0.05263 0.07300 0.02207 0.06961 0.08998 0.05942 0.03056 0.03735 0.03226 0.03735 0.05942 0.00510 0.01189 0.11205
Limulus_polyphemus_2           0.07411 0.04404 0.03008 0.05156 0.01933 0.03759 0.06552 0.07089 0.01396 0.07734 0.08593 0.06337 0.03222 0.03115 0.04296 0.07304 0.06122 0.00644 0.02256 0.09667
Limulus_polyphemus_mito_1      0.10315 0.06886 0.03171 0.05743 0.00599 0.04600 0.04028 0.10315 0.00599 0.07743 0.09458 0.05171 0.02599 0.02314 0.04314 0.05171 0.04886 0.00027 0.03457 0.08601
Limulus_polyphemus_mito_2      0.06920 0.05421 0.02999 0.06805 0.01153 0.02653 0.06228 0.07151 0.02768 0.07612 0.08997 0.05190 0.02884 0.04268 0.04844 0.04498 0.05882 0.01845 0.02768 0.09112
Lokiarchaeum_sp._GC14_75_1     0.07429 0.04619 0.04418 0.06425 0.00604 0.04217 0.05823 0.07027 0.02611 0.11443 0.08433 0.06827 0.02411 0.03816 0.03816 0.06024 0.04619 0.00203 0.02611 0.06626
Lokiarchaeum_sp._GC14_75_2     0.05780 0.04046 0.03468 0.06214 0.00867 0.03179 0.07659 0.07081 0.02168 0.10694 0.11272 0.06069 0.01445 0.04335 0.04913 0.06792 0.05491 0.00867 0.02457 0.05202
Melainabacteria_bacterium_1    0.09404 0.04376 0.04097 0.06611 0.00745 0.03445 0.05587 0.07728 0.01676 0.07263 0.08473 0.07542 0.02514 0.03445 0.03818 0.04004 0.06611 0.01304 0.03166 0.08194
Melainabacteria_bacterium_2    0.06217 0.05417 0.03996 0.06927 0.00977 0.03286 0.07016 0.06750 0.01599 0.08881 0.09503 0.06306 0.02931 0.03375 0.04529 0.04352 0.06128 0.01510 0.03197 0.07105
Methanocaldococcus_jannaschii_1 0.08813 0.06441 0.02712 0.06102 0.00678 0.03390 0.07457 0.08813 0.02204 0.08135 0.08135 0.05424 0.02712 0.03051 0.05254 0.02712 0.06441 0.00000 0.02034 0.09491
Methanocaldococcus_jannaschii_2 0.07286 0.05611 0.02764 0.06365 0.01340 0.02680 0.08543 0.06281 0.01508 0.09296 0.07203 0.06868 0.02345 0.03936 0.05109 0.03434 0.05444 0.01843 0.03015 0.09129
Methanomassiliicoccus_luminyensis_1 0.09896 0.05655 0.02902 0.06399 0.00744 0.03497 0.05878 0.07664 0.01935 0.07589 0.08259 0.05952 0.03199 0.03869 0.04688 0.04315 0.05134 0.01414 0.02902 0.08110
Methanomassiliicoccus_luminyensis_2 0.08119 0.05413 0.02637 0.05968 0.01110 0.03470 0.06593 0.07009 0.01943 0.06662 0.09230 0.06037 0.03123 0.03123 0.04511 0.04927 0.05968 0.01666 0.03192 0.09299
Methanopyrus_kandleri_1        0.08828 0.06380 0.02003 0.06454 0.00890 0.02300 0.10757 0.07418 0.02522 0.05935 0.09792 0.04080 0.02077 0.04303 0.05045 0.02967 0.05119 0.01187 0.02448 0.09496
Methanopyrus_kandleri_2        0.08131 0.06880 0.01598 0.06880 0.01042 0.02363 0.11049 0.06810 0.01529 0.06532 0.08548 0.05073 0.02502 0.02849 0.04795 0.02571 0.05281 0.01668 0.02919 0.10980
Methanosarcina_mazei_1         0.08470 0.05275 0.03640 0.06092 0.00892 0.03120 0.06092 0.07429 0.02452 0.07281 0.08990 0.05646 0.02972 0.04383 0.04978 0.04755 0.05275 0.01189 0.02897 0.08172
Methanosarcina_mazei_2         0.08223 0.05226 0.02648 0.05923 0.01045 0.03693 0.07735 0.07108 0.01951 0.06829 0.08432 0.05575 0.03484 0.03554 0.04390 0.05017 0.06202 0.01672 0.02509 0.08780
Methanothermobacter_thermautotrophicus_1 0.09138 0.06835 0.02229 0.06984 0.00817 0.02749 0.08172 0.07504 0.02377 0.07429 0.08321 0.04532 0.03715 0.04606 0.04458 0.03195 0.05052 0.01412 0.02080 0.08395
Methanothermobacter_thermautotrophicus_2 0.07864 0.06263 0.02505 0.06054 0.01183 0.03201 0.08629 0.07446 0.01253 0.08351 0.07864 0.05567 0.02714 0.03479 0.04802 0.04106 0.05706 0.01670 0.02436 0.08907
Nitrosoarchaeum_limnia_1       0.08654 0.04567 0.03365 0.06490 0.00361 0.03245 0.06370 0.07933 0.01803 0.08293 0.09375 0.06490 0.02644 0.04087 0.03966 0.06130 0.05889 0.00120 0.01923 0.08293
Nitrosoarchaeum_limnia_2       0.06436 0.04983 0.03945 0.05398 0.00830 0.03114 0.07543 0.06990 0.01592 0.08789 0.08581 0.06644 0.02837 0.03183 0.04291 0.05952 0.06644 0.01384 0.03460 0.07405
Nitrosopumilus_maritimus_1     0.08305 0.05254 0.03051 0.06441 0.00170 0.03220 0.07119 0.08644 0.02034 0.08474 0.08644 0.05763 0.03220 0.03390 0.04746 0.04746 0.05593 0.00170 0.02034 0.08983
Nitrosopumilus_maritimus_2     0.06742 0.05516 0.03064 0.05414 0.00715 0.02145 0.07865 0.06435 0.01634 0.07661 0.08580 0.06231 0.02860 0.03575 0.05005 0.06537 0.06844 0.02145 0.04392 0.06639
Odinarchaeota_archaeon_LCB_4_1 0.08030 0.05056 0.03643 0.06320 0.00743 0.02379 0.06691 0.06691 0.01933 0.08253 0.09517 0.07658 0.02156 0.04312 0.04684 0.04387 0.04981 0.01413 0.03271 0.07881
Odinarchaeota_archaeon_LCB_4_2 0.07054 0.05394 0.03665 0.04426 0.00968 0.03043 0.07953 0.06570 0.01037 0.10443 0.10097 0.06846 0.01591 0.03458 0.04772 0.05533 0.06708 0.01452 0.02905 0.06086
Oryza_sativa_1                 0.08043 0.05522 0.03962 0.05762 0.00960 0.03601 0.06603 0.07083 0.01681 0.07563 0.10444 0.05762 0.02641 0.02881 0.04202 0.05402 0.06122 0.00120 0.02281 0.09364
Oryza_sativa_2                 0.09452 0.05156 0.02578 0.05908 0.01396 0.03974 0.05478 0.06982 0.01396 0.06445 0.09130 0.05693 0.03545 0.03330 0.04082 0.06874 0.06337 0.00322 0.02363 0.09560
Oryza_sativa_chloro_1          0.10906 0.05705 0.02517 0.05705 0.00336 0.04866 0.05872 0.09228 0.01342 0.08221 0.08725 0.04530 0.03020 0.02685 0.03188 0.05705 0.06040 0.00000 0.02852 0.08557
Oryza_sativa_chloro_2          0.09820 0.05565 0.02946 0.05565 0.00491 0.03437 0.06710 0.08674 0.00491 0.06547 0.10965 0.05401 0.03437 0.02619 0.04583 0.05074 0.05892 0.00164 0.02455 0.09165
Oryza_sativa_mito_1            0.09233 0.04076 0.02357 0.06654 0.01068 0.02787 0.07084 0.09662 0.03217 0.04936 0.08803 0.05365 0.02357 0.04076 0.03646 0.04506 0.05795 0.00209 0.02357 0.11811
Oryza_sativa_mito_2            0.08228 0.05787 0.03526 0.06691 0.01085 0.02622 0.06148 0.06962 0.01989 0.08137 0.09042 0.04611 0.02441 0.03526 0.05063 0.04702 0.06148 0.02080 0.02712 0.08499
Oscillochloris_trichoides_1    0.10355 0.06657 0.03107 0.05843 0.00370 0.04068 0.06287 0.07766 0.01553 0.07544 0.09024 0.04512 0.02367 0.02959 0.04364 0.04142 0.05325 0.01553 0.03402 0.08802
Oscillochloris_trichoides_2    0.08000 0.06296 0.02519 0.06444 0.00593 0.04296 0.07037 0.07259 0.01704 0.07333 0.09037 0.04296 0.02519 0.03704 0.05111 0.04074 0.06519 0.01481 0.02815 0.08963
Paramecium_tetraurelia_1       0.07666 0.04600 0.04429 0.05451 0.01363 0.03918 0.06814 0.06814 0.02044 0.08177 0.08858 0.05451 0.03237 0.03918 0.06133 0.05111 0.05451 0.00341 0.02896 0.07325
Paramecium_tetraurelia_2       0.06710 0.04112 0.03246 0.06710 0.01947 0.03679 0.04978 0.06277 0.02380 0.08442 0.07143 0.05844 0.03246 0.01081 0.05411 0.06277 0.07576 0.00215 0.01947 0.12772
Physcomitrella_patens_1        0.08403 0.05282 0.04082 0.06242 0.01321 0.03721 0.05402 0.07323 0.02041 0.07443 0.09364 0.05762 0.03361 0.03121 0.04442 0.04922 0.06122 0.00240 0.02761 0.08643
Physcomitrella_patens_2        0.10026 0.05409 0.02639 0.05805 0.01319 0.03298 0.06464 0.07652 0.01583 0.06728 0.09235 0.05013 0.03562 0.03034 0.04354 0.05541 0.06596 0.00396 0.02507 0.08839
Physcomitrella_patens_chloro_1 0.12094 0.05040 0.03428 0.04839 0.00203 0.05645 0.05040 0.11288 0.01614 0.08265 0.07862 0.04234 0.02622 0.02420 0.03226 0.05443 0.05443 0.00002 0.02823 0.08466
Physcomitrella_patens_chloro_2 0.08549 0.05343 0.03117 0.06144 0.00445 0.03028 0.06589 0.07569 0.01247 0.05521 0.10419 0.05165 0.03206 0.04007 0.04898 0.04809 0.06144 0.01959 0.02760 0.09083
Physcomitrella_patens_mito_1   0.10333 0.05667 0.02500 0.05167 0.00834 0.05667 0.05833 0.09333 0.01333 0.07333 0.09333 0.05167 0.02000 0.03500 0.03833 0.05000 0.04667 0.00000 0.02833 0.09666
Physcomitrella_patens_mito_2   0.08401 0.05962 0.03252 0.06956 0.01265 0.02891 0.06504 0.06956 0.01987 0.07046 0.09214 0.04607 0.02349 0.03884 0.04697 0.04517 0.06052 0.02078 0.02258 0.09124
Phytophthora_ramorum_mito_1    0.08212 0.06626 0.03982 0.05304 0.00545 0.05568 0.05568 0.09534 0.00545 0.07155 0.09534 0.04775 0.02396 0.03718 0.04247 0.05833 0.06362 0.00017 0.02132 0.07948
Polysphondylium_pallidum_1     0.08080 0.04448 0.04151 0.06301 0.01112 0.04077 0.05411 0.06820 0.02298 0.07709 0.08747 0.06746 0.02817 0.04225 0.04374 0.05189 0.06079 0.01038 0.03188 0.07191
Polysphondylium_pallidum_2     0.08163 0.04834 0.03545 0.05371 0.01396 0.03330 0.06337 0.07304 0.01396 0.08378 0.08485 0.06122 0.03115 0.03437 0.04404 0.06552 0.05800 0.00644 0.01719 0.09667
Polysphondylium_pallidum_mito_1 0.08803 0.04506 0.04076 0.04936 0.00639 0.03217 0.06654 0.08803 0.03217 0.08803 0.07084 0.05795 0.02357 0.03646 0.04076 0.03217 0.06654 0.00209 0.01928 0.11381
Polysphondylium_pallidum_mito_2 0.07374 0.05475 0.03017 0.06816 0.01676 0.03687 0.06034 0.06704 0.02123 0.07039 0.09162 0.05028 0.03017 0.04358 0.04581 0.04469 0.06816 0.01788 0.02793 0.08045
Pseudanabaena_biceps_1         0.11442 0.04768 0.02861 0.05602 0.00238 0.04529 0.06794 0.09297 0.00954 0.07986 0.10012 0.06079 0.02145 0.02384 0.03099 0.05364 0.05244 0.00238 0.02503 0.08462
Pseudanabaena_biceps_2         0.08451 0.06153 0.02669 0.06672 0.00519 0.03781 0.06820 0.06672 0.01631 0.07413 0.09563 0.04818 0.02743 0.03632 0.04818 0.04522 0.06375 0.01408 0.02743 0.08599
Pyrobaculum_aerophilum_1       0.06464 0.08612 0.01898 0.04852 0.00287 0.02972 0.07269 0.09955 0.01898 0.07001 0.10760 0.02972 0.02167 0.03241 0.05926 0.04584 0.05926 0.00824 0.04315 0.08075
Pyrobaculum_aerophilum_2       0.08147 0.07230 0.01935 0.04786 0.00509 0.01222 0.07739 0.06212 0.01731 0.07026 0.08961 0.06008 0.02342 0.04379 0.06619 0.04277 0.05397 0.02444 0.04277 0.08758
Pyrococcus_furiosus_1          0.08460 0.06768 0.02369 0.06091 0.00169 0.02707 0.07614 0.08122 0.02538 0.09475 0.08968 0.04738 0.03046 0.03046 0.05415 0.03553 0.05922 0.00169 0.02369 0.08460
Pyrococcus_furiosus_2          0.08007 0.06172 0.02669 0.05838 0.00751 0.02502 0.08257 0.06339 0.02085 0.08257 0.08590 0.06088 0.02752 0.03003 0.05671 0.03336 0.04837 0.02168 0.03670 0.09008
Reticulomyxa_filosa_1          0.08239 0.05411 0.04897 0.05411 0.01556 0.04383 0.04897 0.09267 0.01813 0.07724 0.08753 0.05925 0.02584 0.04383 0.04126 0.04640 0.04640 0.00014 0.01299 0.10038
Reticulomyxa_filosa_2          0.07887 0.05915 0.03380 0.04648 0.01549 0.04085 0.07465 0.07324 0.01127 0.07746 0.09718 0.05634 0.02394 0.03521 0.03662 0.05775 0.06479 0.00563 0.02113 0.09014
Reticulomyxa_filosa_mito_2     0.05830 0.03617 0.05000 0.05000 0.03341 0.02788 0.06106 0.07212 0.02788 0.07212 0.09978 0.05830 0.02511 0.04170 0.04723 0.06106 0.05553 0.01129 0.03064 0.08042
Rhodopirellula_baltica_1       0.10033 0.05518 0.02007 0.05351 0.00836 0.03177 0.06354 0.10869 0.01840 0.07023 0.08027 0.04682 0.02843 0.03010 0.04348 0.05017 0.06354 0.00000 0.02843 0.09866
Rhodopirellula_baltica_2       0.08378 0.07117 0.02703 0.06667 0.00721 0.04144 0.06396 0.07117 0.01982 0.07117 0.08559 0.04414 0.02613 0.04414 0.05495 0.04505 0.06306 0.01622 0.02072 0.07658
Rhodopseudomonas_palustris_1   0.10666 0.06667 0.02833 0.05500 0.00500 0.04167 0.06000 0.09500 0.01500 0.07500 0.08167 0.05500 0.02667 0.03167 0.04000 0.04000 0.06000 0.00000 0.02667 0.09000
Rhodopseudomonas_palustris_2   0.09648 0.06583 0.02615 0.06763 0.00631 0.02795 0.07394 0.07574 0.02074 0.07124 0.08656 0.04328 0.02435 0.03427 0.04959 0.04148 0.06402 0.01713 0.02525 0.08206
Rickettsia_bellii_1            0.08061 0.04248 0.03813 0.05011 0.00980 0.04466 0.07734 0.06209 0.02614 0.07734 0.07734 0.06754 0.02832 0.05338 0.03486 0.05556 0.04575 0.00871 0.03486 0.08497
Rickettsia_bellii_2            0.08852 0.04187 0.03230 0.06938 0.00598 0.03828 0.07297 0.07177 0.01196 0.08852 0.09569 0.06579 0.02632 0.02990 0.03947 0.05981 0.06579 0.00120 0.01435 0.08014
Roseobacter_litoralis_1        0.11178 0.05589 0.03172 0.06722 0.00453 0.04003 0.05211 0.08082 0.01813 0.06042 0.08459 0.04607 0.03474 0.04230 0.03927 0.05211 0.05816 0.00906 0.02417 0.08686
