AAML (in paml version 4.10.7, June 2023)  tmp0001.txt
Model: Empirical_F,  (/data/scratch/btx126/LUCAdup_noleu/control_files/lg.dat) dGamma (ncatG=4) ns = 243  ls = 1135


Frequencies..
                                    A      R      N      D      C      Q      E      G      H      I      L      K      M      F      P      S      T      W      Y      V
Acidobacterium_capsulatum_1    0.09855 0.05654 0.02100 0.05331 0.00808 0.03393 0.07916 0.09208 0.02262 0.05654 0.10016 0.05008 0.03069 0.03231 0.03716 0.03716 0.07431 0.00808 0.01939 0.08885
Acidobacterium_capsulatum_2    0.09759 0.05634 0.02213 0.06539 0.00302 0.04125 0.07646 0.08048 0.02012 0.06439 0.09759 0.05734 0.03018 0.03320 0.04628 0.03823 0.06338 0.00201 0.01710 0.08753
Actinomadura_madurae_1         0.09300 0.06700 0.02500 0.06200 0.00800 0.04200 0.06600 0.09700 0.01400 0.05900 0.09600 0.04600 0.02200 0.03100 0.03900 0.03700 0.07300 0.00500 0.01800 0.10000
Actinomadura_madurae_2         0.11201 0.05752 0.02220 0.08073 0.00404 0.03532 0.06660 0.08274 0.01917 0.06559 0.09284 0.03431 0.02725 0.03835 0.04844 0.04036 0.06054 0.00706 0.01413 0.09082
Aeropyrum_pernix_1             0.10112 0.05457 0.01766 0.06902 0.00321 0.03050 0.05939 0.07384 0.02408 0.06260 0.10112 0.06902 0.02568 0.03692 0.04013 0.04494 0.04976 0.00482 0.01605 0.11557
Aeropyrum_pernix_2             0.09709 0.07282 0.02427 0.05987 0.00000 0.01456 0.07605 0.08414 0.01618 0.07929 0.09547 0.05663 0.02265 0.02589 0.03722 0.04207 0.04693 0.00647 0.01942 0.12298
Agaricus_bisporus_1            0.08730 0.05258 0.04167 0.06349 0.01290 0.04167 0.04663 0.07440 0.01984 0.07738 0.08829 0.06052 0.02480 0.03968 0.04167 0.05655 0.06052 0.00595 0.01885 0.08532
Agaricus_bisporus_2            0.08476 0.04399 0.02897 0.05472 0.01288 0.04185 0.05794 0.07296 0.01609 0.07082 0.08691 0.06652 0.02361 0.03219 0.04292 0.06867 0.06867 0.00322 0.01931 0.10300
Agaricus_bisporus_mito_1       0.10535 0.07191 0.03177 0.06187 0.00836 0.03846 0.05686 0.09866 0.01672 0.08361 0.08863 0.05017 0.02843 0.02676 0.03512 0.04181 0.05184 0.00334 0.02341 0.07692
Agaricus_bisporus_mito_2       0.09237 0.04891 0.02175 0.06793 0.00002 0.03533 0.06793 0.09237 0.01360 0.07608 0.09781 0.05435 0.02447 0.02447 0.05978 0.04620 0.06250 0.00002 0.02175 0.09237
Amphimedon_queenslandica_1     0.08141 0.04620 0.03960 0.05611 0.01760 0.03630 0.05611 0.07481 0.02090 0.07701 0.09351 0.05501 0.02750 0.04400 0.03960 0.05171 0.05941 0.00440 0.01980 0.09901
Amphimedon_queenslandica_2     0.07626 0.05263 0.03115 0.05263 0.01933 0.03545 0.06660 0.07089 0.01504 0.07734 0.08271 0.05693 0.02900 0.03115 0.04082 0.06660 0.06660 0.00537 0.02363 0.09989
Amphimedon_queenslandica_mito_1 0.09532 0.06187 0.03344 0.06020 0.00502 0.04013 0.05518 0.09365 0.01839 0.07692 0.10033 0.05686 0.02341 0.02174 0.03512 0.04348 0.05853 0.00000 0.03010 0.09030
Amphimedon_queenslandica_mito_2 0.09237 0.05163 0.02447 0.07336 0.00274 0.02990 0.06521 0.09781 0.01360 0.07879 0.10052 0.04348 0.02718 0.02175 0.05435 0.04076 0.06250 0.00002 0.02718 0.09237
Aquifex_aeolicus_1             0.09337 0.05522 0.02610 0.05120 0.00602 0.03614 0.08635 0.08835 0.01606 0.07028 0.10241 0.08133 0.01807 0.03213 0.03916 0.03112 0.04618 0.00402 0.02309 0.09337
Arabidopsis_thaliana_1         0.06949 0.05085 0.03729 0.05593 0.01186 0.03220 0.05932 0.07966 0.02203 0.08305 0.08814 0.05085 0.03390 0.03390 0.05254 0.05593 0.06780 0.00169 0.02881 0.08475
Arabidopsis_thaliana_2         0.09091 0.05431 0.03424 0.05785 0.01889 0.02952 0.05549 0.06612 0.01653 0.06848 0.09327 0.05903 0.04250 0.02479 0.04604 0.06139 0.06139 0.00590 0.02715 0.08619
Arabidopsis_thaliana_chloro_1  0.10690 0.04491 0.02277 0.06705 0.00949 0.03162 0.07148 0.09361 0.02277 0.07148 0.08476 0.04491 0.02720 0.03162 0.02720 0.01834 0.06705 0.00063 0.02277 0.13347
Arabidopsis_thaliana_mito_1    0.08033 0.04491 0.02720 0.06262 0.00949 0.02720 0.07590 0.09361 0.02720 0.06705 0.08919 0.05819 0.03162 0.04048 0.04048 0.03162 0.04934 0.00063 0.02277 0.12018
Arabidopsis_thaliana_mito_2    0.09212 0.05691 0.03524 0.05962 0.00273 0.03524 0.07045 0.09212 0.01627 0.07587 0.11109 0.04336 0.02169 0.01898 0.05149 0.04607 0.05691 0.00002 0.02711 0.08671
Archaeoglobus_fulgidus_1       0.08742 0.06623 0.02119 0.05298 0.00662 0.03179 0.08344 0.08212 0.02517 0.07285 0.08742 0.04768 0.03841 0.03576 0.05166 0.04238 0.05430 0.00265 0.02781 0.08212
Archaeoglobus_fulgidus_2       0.09309 0.05706 0.03303 0.05105 0.00450 0.03153 0.09610 0.07357 0.01351 0.06907 0.08559 0.05856 0.02252 0.02102 0.05556 0.03453 0.05405 0.00901 0.03003 0.10661
Bathycoccus_prasinos_1         0.07578 0.05601 0.05272 0.05766 0.00824 0.03624 0.06919 0.07084 0.01318 0.08402 0.10379 0.04778 0.02142 0.04283 0.03954 0.05601 0.05931 0.00165 0.02471 0.07908
Bathycoccus_prasinos_2         0.09442 0.04399 0.03433 0.05579 0.01824 0.04399 0.06760 0.06652 0.01180 0.06760 0.08476 0.05901 0.03219 0.03433 0.04292 0.06330 0.06438 0.00322 0.02468 0.08691
Bathycoccus_prasinos_chloro_1  0.07086 0.03150 0.02625 0.06036 0.00789 0.03937 0.08136 0.07348 0.02625 0.06299 0.08136 0.06036 0.03150 0.03150 0.04200 0.06036 0.05249 0.00264 0.02625 0.13121
Bathycoccus_prasinos_chloro_2  0.11494 0.04598 0.03284 0.06897 0.00821 0.02956 0.05911 0.07718 0.00493 0.05419 0.12151 0.05911 0.02956 0.02463 0.04926 0.04598 0.06240 0.00164 0.01970 0.09031
Bathycoccus_prasinos_mito_1    0.09804 0.04491 0.02720 0.06262 0.00949 0.03162 0.07590 0.08476 0.03162 0.05819 0.08476 0.05819 0.03605 0.04491 0.03162 0.03162 0.06262 0.00063 0.01834 0.10690
Bathycoccus_prasinos_mito_2    0.08769 0.04553 0.02698 0.08094 0.01180 0.02867 0.06745 0.08769 0.01518 0.07420 0.08432 0.04722 0.03204 0.03204 0.05059 0.05396 0.06745 0.00169 0.02192 0.08263
Batrachochytrium_dendrobatidis_1 0.08643 0.04925 0.04121 0.05628 0.01206 0.03015 0.05327 0.07136 0.02111 0.08040 0.09447 0.06432 0.02412 0.04221 0.04221 0.05528 0.05930 0.00402 0.02111 0.09146
Batrachochytrium_dendrobatidis_2 0.07841 0.04511 0.02793 0.05908 0.01611 0.03652 0.05908 0.07411 0.01289 0.08056 0.08808 0.06337 0.02900 0.03115 0.04082 0.07197 0.06552 0.00430 0.02363 0.09237
Batrachochytrium_dendrobatidis_mito_1 0.09717 0.06360 0.03357 0.05654 0.00707 0.05124 0.05830 0.09364 0.01767 0.07067 0.08834 0.05477 0.02827 0.03180 0.03357 0.04770 0.05124 0.00177 0.02474 0.08834
Batrachochytrium_dendrobatidis_mito_2 0.09509 0.04891 0.02447 0.07064 0.00545 0.04076 0.06521 0.09237 0.01632 0.08423 0.10052 0.04620 0.02175 0.02175 0.05978 0.04076 0.05978 0.00002 0.02447 0.08151
Bodo_saltans_1                 0.09120 0.04320 0.03040 0.06240 0.01760 0.04480 0.05600 0.08000 0.02560 0.07040 0.08480 0.06400 0.03040 0.04000 0.02720 0.06240 0.04320 0.00640 0.01440 0.10560
Bodo_saltans_2                 0.09120 0.05150 0.02897 0.04828 0.01502 0.04292 0.06760 0.07189 0.01288 0.07403 0.08584 0.05579 0.02682 0.03004 0.04185 0.06652 0.05579 0.00429 0.02361 0.10515
Bodo_saltans_mito_2            0.08376 0.06021 0.02357 0.07067 0.01572 0.04189 0.05236 0.07591 0.01310 0.07329 0.10208 0.04189 0.02357 0.02095 0.06021 0.05497 0.06282 0.00263 0.02357 0.09685
Caldiarchaeum_subterraneum_1   0.09340 0.05990 0.02335 0.05990 0.00000 0.03858 0.06396 0.07919 0.01726 0.07513 0.10355 0.05381 0.02538 0.03655 0.04772 0.05279 0.04873 0.00508 0.02538 0.09036
Caldiarchaeum_subterraneum_2   0.07989 0.06428 0.02479 0.05326 0.00459 0.02663 0.07622 0.07622 0.01837 0.06887 0.10101 0.05142 0.02571 0.02755 0.05142 0.05601 0.06244 0.00735 0.03122 0.09275
Caldisericum_exile_1           0.07033 0.04396 0.05055 0.05714 0.00220 0.01758 0.08352 0.07692 0.01758 0.09450 0.08571 0.06374 0.01978 0.05494 0.03077 0.04615 0.06813 0.00220 0.01758 0.09670
Caldisericum_exile_2           0.06742 0.03210 0.03371 0.07384 0.00161 0.02889 0.07223 0.07063 0.01445 0.09149 0.10433 0.08186 0.02568 0.04655 0.03692 0.04815 0.05939 0.00161 0.03210 0.07705
Caldithrix_abyssi_1            0.09729 0.05316 0.03210 0.05416 0.00401 0.04012 0.07823 0.08726 0.01805 0.07823 0.09629 0.06118 0.02407 0.03310 0.03511 0.03310 0.05316 0.00502 0.02708 0.08927
Caldithrix_abyssi_2            0.08669 0.05242 0.02319 0.06351 0.00101 0.04133 0.08266 0.07964 0.01815 0.08266 0.09476 0.05948 0.03226 0.03427 0.04133 0.04234 0.06048 0.00403 0.02722 0.07258
Caldivirga_maquilingensis_1    0.08643 0.06834 0.02613 0.06332 0.00101 0.01608 0.06131 0.07638 0.02111 0.06533 0.11658 0.05427 0.02814 0.03920 0.04121 0.05025 0.05628 0.00603 0.02915 0.09347
Caldivirga_maquilingensis_2    0.08038 0.05792 0.02719 0.06028 0.00118 0.02009 0.07210 0.06974 0.02246 0.09102 0.09929 0.04728 0.02600 0.03191 0.05437 0.05556 0.05201 0.01064 0.02837 0.09220
Campylobacter_jejuni_1         0.09237 0.04819 0.03481 0.05355 0.00134 0.04016 0.06961 0.08969 0.01874 0.07229 0.08701 0.06693 0.03213 0.03213 0.03347 0.05489 0.04953 0.00000 0.03213 0.09103
Campylobacter_jejuni_2         0.09091 0.04278 0.03610 0.07086 0.00401 0.03209 0.07888 0.08155 0.01471 0.06551 0.09225 0.06417 0.03476 0.03743 0.04011 0.05214 0.05080 0.00267 0.02674 0.08155
Cenarchaeum_symbiosum_1        0.08489 0.05694 0.03106 0.06625 0.00518 0.03209 0.06211 0.08903 0.02174 0.08696 0.09006 0.05694 0.02692 0.03727 0.04244 0.05280 0.06108 0.00207 0.02070 0.07350
Cenarchaeum_symbiosum_2        0.08270 0.06179 0.02186 0.06179 0.00760 0.02376 0.06844 0.09030 0.02281 0.06939 0.09316 0.04848 0.03897 0.02376 0.04278 0.05894 0.06369 0.00475 0.02567 0.08935
Chlamydia_trachomatis_1        0.09426 0.05302 0.03240 0.05891 0.00589 0.04124 0.06627 0.08689 0.01620 0.08100 0.08984 0.05449 0.03240 0.02798 0.03976 0.04271 0.05596 0.00147 0.02504 0.09426
Chlamydia_trachomatis_2        0.08946 0.03948 0.03422 0.07105 0.00265 0.02632 0.07105 0.08157 0.01843 0.07105 0.09209 0.05789 0.04474 0.03422 0.03948 0.05789 0.06315 0.00265 0.01843 0.08420
Chlamydomonas_reinhardtii_1    0.08745 0.06274 0.02852 0.05323 0.00760 0.04563 0.06464 0.06844 0.02091 0.08365 0.08935 0.05513 0.02471 0.03992 0.05703 0.05703 0.05894 0.00000 0.02662 0.06844
Chlamydomonas_reinhardtii_2    0.09890 0.06317 0.03192 0.05871 0.02298 0.03192 0.05871 0.04531 0.02298 0.08103 0.06317 0.04531 0.03638 0.00512 0.04531 0.05871 0.08997 0.00066 0.01852 0.12122
Chlamydomonas_reinhardtii_chloro_1 0.08398 0.04462 0.04462 0.06036 0.01313 0.03675 0.06299 0.07086 0.02888 0.06561 0.09185 0.04987 0.02101 0.02363 0.06299 0.02888 0.07086 0.00264 0.02101 0.11547
Chlamydomonas_reinhardtii_mito_1 0.12355 0.04012 0.02256 0.06207 0.01378 0.04451 0.06647 0.08842 0.02695 0.07525 0.05768 0.06207 0.02695 0.03573 0.03134 0.02695 0.06207 0.00060 0.01817 0.11477
Chlamydomonas_reinhardtii_mito_2 0.09182 0.05676 0.03339 0.07679 0.01169 0.03172 0.07179 0.08347 0.01169 0.07012 0.08848 0.04674 0.02003 0.03172 0.04508 0.05342 0.05843 0.00334 0.02003 0.09349
Chlorobium_phaeovibrioides_1   0.10300 0.05100 0.03100 0.05800 0.00400 0.03000 0.07300 0.09400 0.01600 0.07700 0.10200 0.06200 0.02700 0.02900 0.03400 0.04100 0.06100 0.00200 0.02100 0.08400
Chlorobium_phaeovibrioides_2   0.10212 0.05561 0.02528 0.08089 0.00404 0.03236 0.06876 0.07887 0.01011 0.06471 0.09808 0.06269 0.03539 0.03033 0.04348 0.04954 0.05359 0.00202 0.02123 0.08089
Chloroflexus_1                 0.10080 0.07029 0.02918 0.05836 0.00796 0.05305 0.06233 0.08621 0.01326 0.08753 0.08621 0.03846 0.02122 0.02387 0.04244 0.03714 0.05438 0.00398 0.02918 0.09416
Chloroflexus_2                 0.08800 0.06400 0.02133 0.06933 0.00400 0.04267 0.07867 0.07600 0.01467 0.07333 0.07333 0.04400 0.03467 0.04267 0.05867 0.03867 0.06000 0.00267 0.02267 0.09067
Chlorogloeopsis_fritschii_1    0.11234 0.04514 0.03511 0.05817 0.00502 0.04915 0.06419 0.08425 0.01204 0.07924 0.11133 0.05617 0.02207 0.02407 0.03511 0.04413 0.06018 0.00401 0.02307 0.07523
Chlorogloeopsis_fritschii_2    0.09164 0.05740 0.02216 0.06949 0.00302 0.04330 0.07251 0.08459 0.01208 0.07351 0.09970 0.04935 0.02820 0.02719 0.04532 0.04532 0.06344 0.00201 0.02216 0.08761
Chondrus_crispus_1             0.09006 0.06191 0.03189 0.05066 0.00563 0.04315 0.06191 0.07129 0.02627 0.07505 0.08630 0.04690 0.02439 0.04315 0.06567 0.05816 0.06191 0.00000 0.02814 0.06754
Chondrus_crispus_2             0.09327 0.04723 0.02952 0.05431 0.01653 0.03306 0.05785 0.06730 0.01653 0.07202 0.07910 0.05313 0.04250 0.03070 0.04841 0.07320 0.06494 0.00708 0.02125 0.09209
Chondrus_crispus_chloro_1      0.09361 0.04048 0.03162 0.06262 0.00506 0.03605 0.07590 0.08919 0.02720 0.09804 0.07148 0.04934 0.03162 0.03162 0.02277 0.03162 0.07148 0.00063 0.02277 0.10690
Chondrus_crispus_chloro_2      0.09781 0.05163 0.02718 0.05435 0.00274 0.03805 0.07336 0.08694 0.00817 0.07064 0.10596 0.04620 0.02447 0.03262 0.05435 0.05706 0.05978 0.00002 0.02447 0.08423
Chondrus_crispus_mito_2        0.09983 0.06091 0.02538 0.07783 0.00508 0.03553 0.06599 0.07953 0.01354 0.07107 0.08460 0.03723 0.02707 0.03215 0.04738 0.05415 0.07276 0.00169 0.02030 0.08799
Chthonomonas_calidirosea_2     0.10262 0.06237 0.02314 0.06338 0.00604 0.04326 0.07344 0.07746 0.01408 0.07243 0.10262 0.04628 0.02817 0.03521 0.04930 0.03320 0.05835 0.00302 0.02012 0.08551
Cloacimonas_acidaminovorans_1  0.09615 0.03686 0.03365 0.06090 0.00801 0.03205 0.06731 0.07692 0.02083 0.08494 0.08814 0.07692 0.03205 0.03846 0.03846 0.02404 0.06571 0.00160 0.02724 0.08974
Cloacimonas_acidaminovorans_2  0.08186 0.05457 0.03210 0.06902 0.00803 0.03210 0.06260 0.07544 0.01605 0.09149 0.09310 0.07384 0.03371 0.04173 0.03210 0.03531 0.06421 0.00161 0.02568 0.07544
Clostridium_acetobutylicum_1   0.08223 0.04509 0.03316 0.05703 0.00796 0.03846 0.07294 0.08886 0.01194 0.08223 0.08488 0.06897 0.03316 0.02785 0.03581 0.05305 0.05172 0.00133 0.03448 0.08886
Clostridium_acetobutylicum_2   0.08533 0.04267 0.03467 0.07067 0.00133 0.04000 0.08267 0.07600 0.01467 0.08000 0.08933 0.05867 0.04133 0.03067 0.04133 0.04133 0.06267 0.00133 0.03067 0.07467
Cyanidioschyzon_merolae_1      0.10331 0.06820 0.02407 0.06118 0.01204 0.04213 0.05015 0.06820 0.02006 0.07021 0.10030 0.04514 0.02608 0.04313 0.05316 0.05015 0.05416 0.00201 0.01906 0.08726
Cyanidioschyzon_merolae_2      0.09007 0.07537 0.02390 0.05699 0.01838 0.03309 0.06158 0.06710 0.01287 0.05790 0.09191 0.04228 0.03585 0.03309 0.04412 0.06618 0.06158 0.00643 0.02114 0.10018
Cyanidioschyzon_merolae_chloro_1 0.11074 0.05201 0.03188 0.05705 0.00336 0.04866 0.05537 0.09396 0.01678 0.07550 0.08725 0.04698 0.02852 0.02349 0.03020 0.05201 0.05872 0.00168 0.02517 0.10067
Cyanidioschyzon_merolae_chloro_2 0.11020 0.06250 0.02138 0.05757 0.00493 0.05263 0.06908 0.07730 0.00822 0.07730 0.12007 0.04934 0.02467 0.02796 0.03783 0.04276 0.05428 0.00000 0.01809 0.08388
Cyanidioschyzon_merolae_mito_1 0.11495 0.07753 0.02675 0.06149 0.00536 0.05882 0.04813 0.09891 0.01071 0.07219 0.09357 0.04546 0.02140 0.02675 0.03744 0.05347 0.03744 0.00002 0.02407 0.08555
Cyanidioschyzon_merolae_mito_2 0.10829 0.06768 0.02369 0.07276 0.00677 0.03215 0.07276 0.07783 0.01354 0.08629 0.07783 0.03723 0.02369 0.03046 0.04907 0.04738 0.06261 0.00000 0.02538 0.08460
Cyanobium_gracile_1            0.12437 0.06118 0.02407 0.05617 0.00802 0.04213 0.06419 0.09027 0.01003 0.06018 0.11635 0.04514 0.02407 0.02608 0.03511 0.04213 0.05617 0.00502 0.01805 0.09127
Cyanobium_gracile_2            0.10373 0.06042 0.01813 0.07049 0.00302 0.04028 0.07150 0.08661 0.01511 0.05942 0.10574 0.04733 0.03021 0.03122 0.04632 0.04935 0.06244 0.00101 0.01511 0.08258
Cylindrospermopsis_raciborskii_1 0.10431 0.04313 0.03611 0.05918 0.00502 0.05316 0.06118 0.08826 0.01204 0.07823 0.10431 0.05517 0.02307 0.02508 0.03511 0.04614 0.05918 0.00401 0.02106 0.08626
Cylindrospermopsis_raciborskii_2 0.09073 0.05242 0.02722 0.07157 0.00302 0.04839 0.06552 0.08569 0.01210 0.06956 0.09980 0.04940 0.03024 0.02823 0.04335 0.04738 0.06855 0.00202 0.02016 0.08468
Desulfurispirillum_indicum_2   0.09984 0.05153 0.01932 0.06924 0.00644 0.04026 0.07407 0.07729 0.01771 0.07568 0.08696 0.06280 0.03543 0.04509 0.03543 0.04992 0.05636 0.00161 0.01610 0.07890
Dictyoglomus_turgidum_1        0.08090 0.05703 0.03316 0.05172 0.00398 0.03316 0.07825 0.08886 0.01989 0.08753 0.10212 0.05836 0.02520 0.03448 0.04377 0.03050 0.05172 0.00398 0.03183 0.08355
Dictyoglomus_turgidum_2        0.07729 0.05636 0.01932 0.05475 0.00483 0.03543 0.09018 0.07890 0.01449 0.06280 0.11755 0.05314 0.03221 0.03060 0.05314 0.05475 0.04026 0.00644 0.03382 0.08374
Dictyostelium_discoideum_1     0.07560 0.05172 0.03581 0.05570 0.01194 0.03581 0.05570 0.07294 0.02653 0.09284 0.07825 0.06101 0.03050 0.03979 0.05438 0.06366 0.05836 0.00265 0.02387 0.07294
Dictyostelium_discoideum_2     0.07674 0.04959 0.04132 0.04723 0.02125 0.03660 0.05903 0.06730 0.01771 0.08619 0.07910 0.05077 0.04604 0.03306 0.05313 0.06612 0.05903 0.00708 0.01889 0.08383
Dictyostelium_discoideum_mito_1 0.07591 0.03404 0.03665 0.04189 0.01048 0.03665 0.07329 0.06544 0.02357 0.10208 0.09161 0.06806 0.02618 0.04189 0.03927 0.07329 0.06021 0.00263 0.02095 0.07591
Dictyostelium_discoideum_mito_2 0.09598 0.04267 0.01868 0.06933 0.01068 0.03734 0.05600 0.09332 0.01601 0.07466 0.10132 0.05600 0.02667 0.02667 0.05866 0.04800 0.05600 0.00002 0.02667 0.08532
Ectocarpus_siliculosus_1       0.09143 0.05143 0.03429 0.05714 0.01143 0.04190 0.06286 0.06667 0.02476 0.07048 0.09714 0.05333 0.02857 0.03619 0.05714 0.06286 0.05714 0.00190 0.02667 0.06667
Ectocarpus_siliculosus_2       0.07514 0.05491 0.02601 0.05636 0.02023 0.03757 0.06792 0.07659 0.01301 0.06503 0.08526 0.03902 0.02746 0.02746 0.04913 0.07370 0.06936 0.00578 0.02457 0.10549
Ectocarpus_siliculosus_chloro_1 0.08660 0.03937 0.03413 0.07086 0.00526 0.03675 0.06036 0.07611 0.02625 0.07086 0.09972 0.06299 0.02888 0.03675 0.03675 0.03937 0.06561 0.00526 0.02101 0.09710
Ectocarpus_siliculosus_mito_2  0.10624 0.05228 0.02867 0.07083 0.00675 0.03204 0.07083 0.08600 0.01349 0.06745 0.08094 0.04890 0.03204 0.03204 0.04722 0.03879 0.07926 0.00169 0.01855 0.08600
Elphidium_margaritaceum_1      0.07932 0.05202 0.03511 0.05462 0.01040 0.05072 0.05852 0.06892 0.01560 0.07932 0.09103 0.06502 0.03641 0.03381 0.04551 0.05982 0.05332 0.00000 0.03121 0.07932
Elphidium_margaritaceum_2      0.08779 0.05139 0.03319 0.05246 0.01820 0.03533 0.06210 0.07281 0.01392 0.07709 0.09850 0.05567 0.02463 0.03319 0.03747 0.06210 0.06852 0.00321 0.02248 0.08994
Elphidium_margaritaceum_mito_2 0.06666 0.05600 0.01868 0.06666 0.02401 0.04267 0.08266 0.09065 0.01335 0.06666 0.07466 0.04533 0.04000 0.03734 0.04000 0.05333 0.04533 0.01335 0.02134 0.10132
Elusimicrobium_minutum_1       0.07763 0.04342 0.03947 0.05921 0.00658 0.04342 0.05526 0.09211 0.01447 0.06842 0.10000 0.07368 0.02500 0.02895 0.04342 0.05132 0.05526 0.00395 0.02500 0.09342
Elusimicrobium_minutum_2       0.08800 0.04667 0.02933 0.06933 0.00533 0.04533 0.08267 0.07867 0.01333 0.06933 0.10533 0.06133 0.01867 0.03067 0.04000 0.04533 0.06000 0.00267 0.02133 0.08667
Fibrobacter_succinogenes_1     0.10594 0.04976 0.04173 0.06742 0.01284 0.02408 0.06742 0.07865 0.02729 0.06742 0.09310 0.06421 0.03050 0.03371 0.03531 0.02729 0.05618 0.00482 0.02729 0.08507
Fibrobacter_succinogenes_2     0.07705 0.05297 0.03371 0.06902 0.00803 0.03852 0.07063 0.08026 0.02247 0.06902 0.08828 0.05778 0.04334 0.04013 0.03371 0.04173 0.05136 0.00321 0.02408 0.09470
Galdieria_sulphuraria_1        0.08824 0.05430 0.03281 0.06335 0.01471 0.04186 0.04638 0.07014 0.02036 0.07466 0.09955 0.05995 0.02602 0.04299 0.04638 0.04977 0.05317 0.00339 0.02262 0.08937
Galdieria_sulphuraria_2        0.08264 0.05051 0.03030 0.05601 0.01837 0.04040 0.06244 0.06795 0.01286 0.06428 0.09183 0.06244 0.03673 0.03214 0.04867 0.06703 0.05326 0.00551 0.02479 0.09183
Galdieria_sulphuraria_chloro_1 0.10235 0.04530 0.04195 0.05369 0.00336 0.05201 0.07047 0.09228 0.01174 0.09564 0.08725 0.05034 0.02349 0.02517 0.03188 0.05201 0.05369 0.00000 0.02685 0.08054
Galdieria_sulphuraria_chloro_2 0.08671 0.05149 0.02982 0.06233 0.00544 0.03795 0.07045 0.08400 0.00815 0.08400 0.10838 0.05420 0.02440 0.02711 0.04878 0.05420 0.06503 0.00002 0.02711 0.07045
Galdieria_sulphuraria_mito_1   0.10184 0.06511 0.02671 0.05843 0.00835 0.04007 0.06010 0.09850 0.01503 0.05676 0.08514 0.05509 0.02838 0.03506 0.03339 0.05175 0.04341 0.00167 0.02504 0.11018
Galdieria_sulphuraria_mito_2   0.09475 0.06430 0.02707 0.07783 0.00338 0.03384 0.07276 0.08122 0.02030 0.07445 0.08799 0.04738 0.02200 0.03384 0.04569 0.04230 0.06091 0.00169 0.02030 0.08799
Gemmatimonas_aurantiaca_2      0.10574 0.06143 0.02719 0.07553 0.00201 0.03625 0.06344 0.08359 0.01511 0.06445 0.09063 0.04935 0.02920 0.03726 0.04230 0.04230 0.06042 0.00504 0.02115 0.08761
Gloeobacter_violaceus_1        0.11256 0.06030 0.02915 0.05427 0.00603 0.03819 0.06935 0.08442 0.01005 0.07839 0.11658 0.05327 0.01809 0.02714 0.03417 0.04422 0.05528 0.00402 0.02412 0.08040
Gloeobacter_violaceus_2        0.09980 0.05444 0.02621 0.07460 0.00202 0.04133 0.06653 0.07661 0.01210 0.06351 0.12198 0.04940 0.02621 0.03024 0.04435 0.04435 0.06250 0.00302 0.02117 0.07964
Haloarcula_marismortui_1       0.08919 0.04491 0.03605 0.08033 0.01391 0.04048 0.06705 0.08476 0.04048 0.06705 0.08033 0.03605 0.02277 0.03605 0.04048 0.03162 0.06262 0.00063 0.00506 0.12018
Haloarcula_marismortui_2       0.11314 0.04737 0.02895 0.09735 0.00265 0.02632 0.08157 0.06578 0.02369 0.07631 0.08683 0.03422 0.02632 0.01843 0.03948 0.05526 0.06315 0.00001 0.01317 0.09999
Heimdallarchaeota_archaeon_AB_125_1 0.07608 0.04705 0.03904 0.07307 0.00701 0.03303 0.05606 0.07508 0.01602 0.08509 0.10611 0.06707 0.02202 0.04404 0.04204 0.05105 0.05806 0.00000 0.02703 0.07508
Heimdallarchaeota_archaeon_AB_125_2 0.07721 0.04871 0.02665 0.06250 0.00643 0.03309 0.06893 0.07904 0.01654 0.08824 0.09926 0.06893 0.02574 0.03401 0.04412 0.06250 0.05515 0.00460 0.02022 0.07812
Heimdallarchaeota_archaeon_LC_2_1 0.07912 0.05577 0.03502 0.06744 0.00519 0.04410 0.06096 0.08042 0.01686 0.08949 0.10765 0.05707 0.01816 0.04669 0.04410 0.05577 0.05577 0.00130 0.02205 0.05707
Heimdallarchaeota_archaeon_LC_2_2 0.07702 0.04224 0.03230 0.06087 0.00621 0.03851 0.06708 0.08571 0.01242 0.09441 0.09068 0.07578 0.03478 0.03478 0.04099 0.04969 0.05466 0.00745 0.02360 0.07081
Heimdallarchaeota_archaeon_LC_3_1 0.07762 0.04940 0.03730 0.06048 0.00403 0.03730 0.05544 0.07560 0.01815 0.10081 0.08871 0.07460 0.01512 0.04335 0.03831 0.06048 0.05444 0.00202 0.02520 0.08165
Heimdallarchaeota_archaeon_LC_3_2 0.07742 0.04424 0.03226 0.05806 0.00461 0.03226 0.07650 0.07465 0.01843 0.09124 0.09124 0.06820 0.02857 0.03594 0.04240 0.05991 0.06359 0.00553 0.01843 0.07650
Homo_sapiens_1                 0.08667 0.04800 0.03600 0.05600 0.01333 0.03867 0.05200 0.07467 0.02533 0.08267 0.08533 0.05600 0.02667 0.04000 0.05200 0.05600 0.05867 0.00400 0.02400 0.08400
Homo_sapiens_2                 0.07692 0.05515 0.02612 0.05225 0.01306 0.03048 0.06241 0.07257 0.01306 0.07692 0.08853 0.04644 0.04064 0.02177 0.05080 0.08273 0.06386 0.00581 0.02612 0.09434
Homo_sapiens_mito_1            0.09866 0.06522 0.03344 0.06187 0.01003 0.03512 0.05518 0.09365 0.01839 0.06689 0.10870 0.04682 0.02508 0.02508 0.03512 0.04348 0.05853 0.00167 0.02843 0.08863
Homo_sapiens_mito_2            0.09320 0.04802 0.01697 0.06214 0.00003 0.03391 0.07061 0.09320 0.01414 0.07908 0.09884 0.04802 0.03108 0.02544 0.06214 0.04802 0.06214 0.00003 0.02544 0.08755
Hydra_vulgaris_1               0.08174 0.04743 0.04339 0.05651 0.01715 0.03734 0.05045 0.06963 0.02220 0.08779 0.09384 0.06660 0.02926 0.03835 0.04440 0.05954 0.05449 0.00404 0.01615 0.07972
Hydra_vulgaris_2               0.08262 0.04721 0.03112 0.05472 0.02039 0.03648 0.06009 0.06867 0.01395 0.07833 0.08906 0.06009 0.02897 0.02790 0.04506 0.07403 0.06330 0.00536 0.02361 0.08906
Hydra_vulgaris_mito_1          0.10201 0.05686 0.03177 0.05686 0.01003 0.03846 0.05518 0.09866 0.01839 0.06856 0.09532 0.05518 0.03010 0.02341 0.03679 0.05017 0.05184 0.00000 0.02843 0.09197
Hydra_vulgaris_mito_2          0.09754 0.04878 0.03795 0.06233 0.00273 0.03253 0.07045 0.08671 0.01356 0.08942 0.10025 0.04336 0.02440 0.02440 0.05420 0.04878 0.05149 0.00002 0.02440 0.08671
Hyperthermus_butylicus_1       0.09356 0.07042 0.02113 0.06036 0.00101 0.02817 0.07143 0.07646 0.02012 0.08350 0.09256 0.05533 0.02616 0.04427 0.04024 0.04527 0.05433 0.00201 0.02716 0.08652
Hyperthermus_butylicus_2       0.08748 0.06814 0.02118 0.05433 0.00092 0.02486 0.08287 0.08011 0.01289 0.07735 0.10129 0.06077 0.02394 0.02578 0.04420 0.04420 0.05709 0.00829 0.02947 0.09484
Ignicoccus_hospitalis_1        0.09658 0.04829 0.02616 0.05734 0.00201 0.02314 0.07042 0.07646 0.02113 0.07445 0.09457 0.07445 0.03320 0.03421 0.04125 0.04326 0.05131 0.00503 0.03018 0.09658
Ignicoccus_hospitalis_2        0.08840 0.05801 0.02026 0.05617 0.00092 0.01842 0.07919 0.07090 0.02118 0.06998 0.09576 0.06814 0.02486 0.02670 0.05064 0.05064 0.05801 0.01105 0.02670 0.10405
Jidaibacter_acanthamoeba_1     0.10101 0.03928 0.03030 0.06285 0.01122 0.04153 0.06173 0.07183 0.01347 0.07632 0.10550 0.08418 0.02357 0.03030 0.02918 0.05275 0.05387 0.00561 0.02357 0.08193
Jidaibacter_acanthamoeba_2     0.09447 0.04422 0.03317 0.06834 0.00503 0.03719 0.06935 0.07538 0.01508 0.08442 0.09849 0.06533 0.02714 0.03216 0.03719 0.05427 0.06131 0.00402 0.01809 0.07538
Jonquetella_anthropi_1         0.10442 0.06024 0.02309 0.06627 0.01305 0.03012 0.05823 0.10341 0.01506 0.05823 0.09940 0.04418 0.02811 0.03313 0.03313 0.05622 0.05321 0.00904 0.01908 0.09237
Jonquetella_anthropi_2         0.10324 0.06984 0.02429 0.06478 0.00506 0.03239 0.06883 0.08300 0.01417 0.05567 0.10526 0.04251 0.03138 0.03644 0.04049 0.05162 0.06073 0.00810 0.02024 0.08198
Korarchaeum_cryptofilum_1      0.07713 0.06516 0.02261 0.06117 0.00399 0.03191 0.07181 0.07979 0.02394 0.08644 0.08777 0.05585 0.01995 0.04255 0.05718 0.04654 0.05186 0.00532 0.02394 0.08511
Korarchaeum_cryptofilum_2      0.08264 0.06257 0.02479 0.05195 0.00118 0.02243 0.08383 0.07556 0.02715 0.08264 0.10153 0.03896 0.02597 0.02715 0.05785 0.06257 0.04959 0.00708 0.02479 0.08973
Kosmotoga_olearia_1            0.09829 0.05015 0.02909 0.06018 0.00401 0.02608 0.08225 0.08526 0.01705 0.07823 0.10431 0.07021 0.02207 0.02407 0.03811 0.03210 0.05517 0.00702 0.02808 0.08826
Kosmotoga_olearia_2            0.08468 0.05040 0.02621 0.07056 0.00000 0.03528 0.08165 0.07258 0.01210 0.08266 0.08972 0.06653 0.03327 0.03931 0.04335 0.04435 0.05040 0.00302 0.02016 0.09375
Latescibacteria_bacterium_1    0.10894 0.05691 0.01951 0.05528 0.00488 0.03740 0.06504 0.09919 0.01626 0.06504 0.10732 0.05203 0.01951 0.02764 0.03415 0.05203 0.05366 0.00163 0.02276 0.10081
Latescibacteria_bacterium_2    0.08761 0.06344 0.02216 0.06244 0.00504 0.03424 0.08359 0.07855 0.01511 0.06042 0.09970 0.04834 0.02518 0.03323 0.04632 0.04632 0.06747 0.00403 0.02014 0.09668
Leishmania_major_1             0.09600 0.04160 0.02720 0.07040 0.01760 0.04160 0.04320 0.07680 0.02720 0.06560 0.08320 0.07360 0.03200 0.03520 0.03840 0.05120 0.05280 0.00800 0.01280 0.10560
Leishmania_major_2             0.08624 0.05505 0.03486 0.05596 0.02110 0.04587 0.06239 0.06789 0.01376 0.06881 0.08349 0.05321 0.03578 0.03303 0.03761 0.06422 0.05046 0.00550 0.02385 0.10092
Leishmania_major_mito_2        0.10426 0.05347 0.02942 0.06684 0.01071 0.04546 0.06417 0.07753 0.01071 0.06684 0.09357 0.05080 0.02942 0.02140 0.04546 0.04011 0.06149 0.00002 0.02407 0.10426
Lentisphaera_araneosa_1        0.11044 0.04618 0.03213 0.06024 0.00703 0.03715 0.05924 0.08333 0.01908 0.07932 0.08333 0.06325 0.02610 0.03313 0.04016 0.04217 0.07631 0.00201 0.02912 0.07028
Lentisphaera_araneosa_2        0.08833 0.03833 0.03833 0.07333 0.01167 0.04000 0.06000 0.07333 0.01833 0.07167 0.08167 0.06000 0.03833 0.04333 0.02667 0.06333 0.06333 0.00667 0.02167 0.08167
Leptolyngbya_valderiana_1      0.10542 0.04518 0.03012 0.06124 0.00703 0.04418 0.07129 0.08434 0.01104 0.07631 0.10442 0.05723 0.02410 0.02610 0.03514 0.04418 0.06024 0.00402 0.02209 0.08635
Limulus_polyphemus_1           0.09645 0.04539 0.04397 0.05816 0.01986 0.03688 0.05674 0.07518 0.02411 0.07518 0.09078 0.06099 0.02553 0.03972 0.03404 0.03830 0.05816 0.00567 0.01277 0.10213
Limulus_polyphemus_2           0.07411 0.04404 0.03008 0.05156 0.01933 0.03759 0.06552 0.07089 0.01396 0.07734 0.08593 0.06337 0.03222 0.03115 0.04296 0.07304 0.06122 0.00644 0.02256 0.09667
Limulus_polyphemus_mito_1      0.10341 0.06895 0.03162 0.05747 0.00578 0.04598 0.04024 0.10341 0.00578 0.07757 0.09480 0.05172 0.02588 0.02301 0.04311 0.05172 0.04885 0.00003 0.03449 0.08618
Limulus_polyphemus_mito_2      0.08694 0.05163 0.02447 0.07608 0.00002 0.02990 0.06793 0.08694 0.01632 0.08423 0.09781 0.04348 0.02447 0.02175 0.05706 0.05163 0.06250 0.00002 0.02718 0.08966
Lokiarchaeum_sp._GC14_75_1     0.07012 0.04116 0.04268 0.05945 0.00762 0.04726 0.05945 0.06402 0.02591 0.10366 0.08689 0.08384 0.01982 0.04421 0.03963 0.05793 0.05488 0.00457 0.02439 0.06250
Lokiarchaeum_sp._GC14_75_2     0.05780 0.04046 0.03468 0.06214 0.00867 0.03179 0.07659 0.07081 0.02168 0.10694 0.11272 0.06069 0.01445 0.04335 0.04913 0.06792 0.05491 0.00867 0.02457 0.05202
Melainabacteria_bacterium_1    0.10906 0.04698 0.03691 0.06208 0.00336 0.04195 0.06040 0.09732 0.01342 0.08557 0.08389 0.05537 0.02181 0.02517 0.03859 0.03691 0.06879 0.00000 0.02517 0.08725
Melainabacteria_bacterium_2    0.07542 0.04811 0.03771 0.07152 0.00260 0.04291 0.07022 0.07542 0.01170 0.07412 0.12224 0.06632 0.03641 0.02341 0.04161 0.04291 0.06502 0.00130 0.02211 0.06892
Methanocaldococcus_jannaschii_1 0.08289 0.05882 0.02540 0.05882 0.00668 0.03209 0.07353 0.08155 0.02139 0.08021 0.08155 0.06952 0.03209 0.03476 0.05080 0.03476 0.06283 0.00134 0.02273 0.08824
Methanocaldococcus_jannaschii_2 0.08373 0.05861 0.02871 0.05981 0.00837 0.02871 0.09330 0.07536 0.01675 0.09450 0.08373 0.05502 0.02990 0.02751 0.04904 0.03708 0.05024 0.00598 0.01914 0.09450
Methanomassiliicoccus_luminyensis_1 0.09798 0.05152 0.02727 0.06970 0.00707 0.03535 0.05556 0.08182 0.02121 0.07980 0.08788 0.06263 0.03131 0.03939 0.04545 0.04848 0.06162 0.00303 0.01818 0.07475
Methanomassiliicoccus_luminyensis_2 0.09343 0.05365 0.02590 0.06198 0.00370 0.03793 0.06475 0.07956 0.01850 0.06846 0.09436 0.05828 0.03423 0.02775 0.04440 0.05180 0.05550 0.00740 0.02128 0.09713
Methanopyrus_kandleri_1        0.09849 0.06131 0.02111 0.06935 0.00804 0.02714 0.09548 0.07638 0.02412 0.06935 0.09849 0.04422 0.02513 0.03417 0.04322 0.03317 0.05930 0.00302 0.01910 0.08945
Methanopyrus_kandleri_2        0.08924 0.06716 0.01932 0.06808 0.00460 0.02576 0.10672 0.07452 0.01748 0.06440 0.09844 0.04968 0.02944 0.02208 0.04232 0.03220 0.05152 0.00552 0.02208 0.10948
Methanosarcina_mazei_1         0.09697 0.04848 0.02626 0.06465 0.00808 0.03434 0.06364 0.08990 0.02626 0.07475 0.08485 0.05657 0.03333 0.04040 0.04444 0.05455 0.04444 0.00404 0.02020 0.08384
Methanosarcina_mazei_2         0.09074 0.04915 0.02268 0.06616 0.00567 0.03875 0.07750 0.07750 0.01985 0.07278 0.09452 0.06049 0.03592 0.02552 0.03781 0.04915 0.05860 0.00473 0.01890 0.09357
Methanothermobacter_thermautotrophicus_1 0.09615 0.05870 0.02328 0.06984 0.00607 0.02530 0.08401 0.07692 0.02024 0.08198 0.08603 0.05263 0.03947 0.04150 0.04150 0.03745 0.05769 0.00304 0.01721 0.08097
Methanothermobacter_thermautotrophicus_2 0.08788 0.06198 0.02405 0.06105 0.00555 0.03515 0.08788 0.08141 0.01203 0.08418 0.09251 0.05643 0.02775 0.02405 0.04440 0.04440 0.05643 0.00555 0.02220 0.08511
Nitrosoarchaeum_limnia_1       0.08283 0.04242 0.03838 0.06162 0.00404 0.03333 0.06061 0.07778 0.02020 0.08485 0.09192 0.07273 0.02525 0.04343 0.04040 0.06162 0.06061 0.00202 0.02020 0.07576
Nitrosoarchaeum_limnia_2       0.06820 0.04793 0.03410 0.05714 0.00737 0.03041 0.06820 0.07834 0.02304 0.08387 0.09585 0.06267 0.03318 0.02581 0.04055 0.06175 0.06544 0.00461 0.02396 0.08756
Nitrosopumilus_maritimus_1     0.08289 0.04679 0.03743 0.05749 0.00267 0.03342 0.07086 0.08155 0.02273 0.08289 0.08556 0.06952 0.03075 0.03877 0.04679 0.04545 0.06016 0.00267 0.02139 0.08021
Nitrosopumilus_maritimus_2     0.07568 0.05153 0.02576 0.05636 0.00483 0.02254 0.07085 0.07568 0.02576 0.06602 0.10306 0.05636 0.03704 0.02738 0.04831 0.06602 0.06602 0.00805 0.03221 0.08052
Odinarchaeota_archaeon_LCB_4_1 0.08880 0.04844 0.02926 0.06660 0.00706 0.03027 0.06458 0.07467 0.01715 0.09284 0.09082 0.07972 0.02523 0.03532 0.04339 0.04743 0.05247 0.00404 0.02725 0.07467
Odinarchaeota_archaeon_LCB_4_2 0.07537 0.04596 0.03309 0.04871 0.00827 0.03217 0.07996 0.07353 0.01287 0.09559 0.10846 0.07261 0.02206 0.02941 0.04320 0.05882 0.06526 0.00551 0.02114 0.06801
Oryza_sativa_1                 0.08043 0.05522 0.03962 0.05762 0.00960 0.03601 0.06603 0.07083 0.01681 0.07563 0.10444 0.05762 0.02641 0.02881 0.04202 0.05402 0.06122 0.00120 0.02281 0.09364
Oryza_sativa_2                 0.09458 0.05051 0.02938 0.05969 0.01928 0.04316 0.05142 0.06703 0.01561 0.07071 0.08540 0.06244 0.03949 0.03489 0.04040 0.06428 0.05510 0.00459 0.02296 0.08907
Oryza_sativa_chloro_1          0.10906 0.05705 0.02517 0.05705 0.00336 0.04866 0.05872 0.09228 0.01342 0.08221 0.08725 0.04530 0.03020 0.02685 0.03188 0.05705 0.06040 0.00000 0.02852 0.08557
Oryza_sativa_chloro_2          0.09820 0.05565 0.02946 0.05565 0.00491 0.03437 0.06710 0.08674 0.00491 0.06547 0.10966 0.05401 0.03437 0.02619 0.04583 0.05074 0.05892 0.00164 0.02455 0.09165
Oryza_sativa_mito_1            0.09361 0.04048 0.02277 0.06705 0.00949 0.02720 0.07148 0.09804 0.03162 0.04934 0.08919 0.05376 0.02277 0.04048 0.03605 0.04491 0.05819 0.00063 0.02277 0.12018
Oryza_sativa_mito_2            0.09306 0.05415 0.03215 0.06768 0.00508 0.03215 0.07107 0.08629 0.01861 0.08122 0.09475 0.04399 0.02200 0.03215 0.04738 0.04569 0.06599 0.00169 0.01861 0.08629
Oscillochloris_trichoides_1    0.11323 0.06079 0.03099 0.06317 0.00358 0.05006 0.06436 0.08582 0.01192 0.07509 0.09297 0.05006 0.01788 0.02861 0.03218 0.04291 0.05244 0.00238 0.02622 0.09535
Oscillochloris_trichoides_2    0.08770 0.05948 0.01915 0.06956 0.00504 0.04637 0.06754 0.07762 0.01512 0.06552 0.09173 0.05040 0.03125 0.04032 0.05040 0.04133 0.06351 0.00202 0.01714 0.09879
Paramecium_tetraurelia_1       0.07239 0.04558 0.03753 0.05228 0.01475 0.04424 0.06836 0.07105 0.02413 0.08043 0.08579 0.06032 0.03083 0.03753 0.05764 0.05094 0.06032 0.00268 0.03083 0.07239
Paramecium_tetraurelia_2       0.07123 0.04486 0.04222 0.06596 0.02639 0.03958 0.04486 0.06068 0.02639 0.08178 0.07123 0.07123 0.05277 0.02903 0.04486 0.05541 0.04749 0.00529 0.01848 0.10025
Physcomitrella_patens_1        0.08375 0.05247 0.04238 0.06256 0.01816 0.03835 0.05146 0.06963 0.02119 0.07770 0.09082 0.06458 0.03532 0.03431 0.04339 0.04844 0.05651 0.00404 0.02624 0.07871
Physcomitrella_patens_2        0.09716 0.05349 0.03057 0.05895 0.01856 0.03493 0.06004 0.07205 0.01747 0.07205 0.08952 0.05895 0.03712 0.03384 0.04258 0.05349 0.06004 0.00546 0.02402 0.07969
Physcomitrella_patens_chloro_1 0.12097 0.05040 0.03427 0.04839 0.00202 0.05645 0.05040 0.11290 0.01613 0.08266 0.07863 0.04234 0.02621 0.02419 0.03226 0.05444 0.05444 0.00000 0.02823 0.08468
Physcomitrella_patens_chloro_2 0.10147 0.04910 0.02782 0.06056 0.00491 0.03601 0.06547 0.08674 0.00491 0.05565 0.10966 0.06056 0.03764 0.02782 0.04583 0.04583 0.05892 0.00164 0.01964 0.09984
Physcomitrella_patens_mito_1   0.10333 0.05667 0.02500 0.05167 0.00833 0.05667 0.05833 0.09333 0.01333 0.07333 0.09333 0.05167 0.02000 0.03500 0.03833 0.05000 0.04667 0.00000 0.02833 0.09667
Physcomitrella_patens_mito_2   0.09322 0.05593 0.02712 0.07119 0.00678 0.03559 0.07119 0.08644 0.01695 0.07627 0.09661 0.04576 0.02203 0.03220 0.04407 0.04915 0.06441 0.00169 0.02034 0.08305
Phytophthora_ramorum_mito_1    0.08222 0.06631 0.03979 0.05305 0.00532 0.05570 0.05570 0.09548 0.00532 0.07161 0.09548 0.04775 0.02388 0.03714 0.04244 0.05835 0.06366 0.00002 0.02123 0.07957
Polysphondylium_pallidum_1     0.07839 0.04322 0.04221 0.06432 0.00905 0.03819 0.05226 0.07136 0.02412 0.09347 0.08844 0.06432 0.02915 0.03819 0.04724 0.05729 0.06231 0.00302 0.02412 0.06935
Polysphondylium_pallidum_2     0.07989 0.04775 0.03765 0.05510 0.01745 0.03398 0.06061 0.06887 0.01561 0.08264 0.08264 0.06612 0.03765 0.03673 0.04316 0.06336 0.05326 0.00735 0.01745 0.09275
Polysphondylium_pallidum_mito_1 0.07067 0.04189 0.04450 0.05236 0.01310 0.03927 0.06021 0.07067 0.02618 0.10470 0.08638 0.06544 0.02880 0.02880 0.03927 0.04974 0.06544 0.00263 0.02357 0.08638
Polysphondylium_pallidum_mito_2 0.08465 0.04233 0.01853 0.06613 0.00530 0.03704 0.06878 0.09522 0.01588 0.05820 0.10316 0.05555 0.02117 0.02646 0.05820 0.04762 0.07407 0.00002 0.02646 0.09522
Pseudanabaena_biceps_1         0.10632 0.04514 0.03210 0.06018 0.00502 0.04313 0.06620 0.08425 0.01204 0.08124 0.10231 0.06419 0.02307 0.02407 0.03511 0.05115 0.05316 0.00401 0.02407 0.08325
Pseudanabaena_biceps_2         0.09879 0.05444 0.02117 0.06956 0.00202 0.04133 0.07056 0.07661 0.01210 0.06956 0.10383 0.05343 0.02823 0.03226 0.04435 0.04839 0.06452 0.00202 0.02319 0.08367
Pyrobaculum_aerophilum_1       0.06994 0.07939 0.01890 0.04915 0.00567 0.02647 0.07183 0.08507 0.02079 0.06994 0.09830 0.05293 0.02268 0.03970 0.05293 0.04915 0.06427 0.01134 0.03970 0.07183
Pyrobaculum_aerophilum_2       0.08960 0.06400 0.01600 0.04800 0.00160 0.02400 0.07840 0.07200 0.02080 0.07360 0.09440 0.05600 0.01920 0.03680 0.06400 0.04800 0.05760 0.00960 0.03680 0.08960
Pyrococcus_furiosus_1          0.08812 0.06142 0.02270 0.05874 0.00267 0.03204 0.07343 0.07610 0.02537 0.09479 0.08278 0.06275 0.02804 0.03872 0.05607 0.03471 0.06008 0.00534 0.02537 0.07076
Pyrococcus_furiosus_2          0.08778 0.06168 0.02135 0.05813 0.00237 0.02847 0.09015 0.07236 0.02372 0.08066 0.08422 0.05338 0.03084 0.02372 0.04864 0.04152 0.04745 0.00830 0.02847 0.10676
Reticulomyxa_filosa_1          0.07861 0.05302 0.04022 0.05484 0.01828 0.04570 0.04753 0.07678 0.02011 0.08409 0.08592 0.06947 0.02925 0.04205 0.04570 0.06033 0.04388 0.00000 0.02011 0.08409
Reticulomyxa_filosa_2          0.07887 0.05915 0.03380 0.04648 0.01549 0.04085 0.07465 0.07324 0.01127 0.07746 0.09718 0.05634 0.02394 0.03521 0.03662 0.05775 0.06479 0.00563 0.02113 0.09014
Reticulomyxa_filosa_mito_2     0.07422 0.02967 0.02411 0.05195 0.04081 0.02967 0.06309 0.10764 0.02411 0.05752 0.06866 0.05752 0.02967 0.03524 0.05752 0.05195 0.07422 0.00740 0.02411 0.09093
Rhodopirellula_baltica_1       0.09656 0.05556 0.02116 0.05291 0.00926 0.03175 0.06614 0.10185 0.01852 0.06481 0.08730 0.05291 0.02910 0.03307 0.04762 0.04630 0.05952 0.00132 0.02910 0.09524
Rhodopirellula_baltica_2       0.08378 0.06117 0.02926 0.06250 0.00532 0.04920 0.06915 0.09441 0.01596 0.06915 0.08644 0.04122 0.02926 0.03856 0.04787 0.05053 0.06383 0.00665 0.02660 0.06915
Rhodopseudomonas_palustris_1   0.10026 0.06464 0.03430 0.05937 0.00792 0.03958 0.05541 0.08575 0.01451 0.07256 0.08575 0.05673 0.02902 0.03166 0.04222 0.04485 0.05541 0.00132 0.02770 0.09103
Rhodopseudomonas_palustris_2   0.10253 0.04927 0.02929 0.06924 0.00666 0.03462 0.06525 0.09055 0.02130 0.06924 0.09321 0.04927 0.02264 0.02796 0.03728 0.05193 0.07190 0.00666 0.02530 0.07590
Rickettsia_bellii_1            0.08863 0.04682 0.03010 0.05686 0.00836 0.03846 0.06522 0.07023 0.02007 0.06856 0.09699 0.07191 0.03010 0.04013 0.03344 0.06689 0.04181 0.00334 0.03177 0.09030
Rickettsia_bellii_2            0.08835 0.03916 0.03414 0.06827 0.00703 0.03916 0.06727 0.07631 0.01406 0.08133 0.09639 0.06727 0.02912 0.03313 0.03614 0.05924 0.06627 0.00301 0.02108 0.07329
Roseobacter_litoralis_1        0.11100 0.05300 0.03100 0.06900 0.00400 0.04000 0.05200 0.08800 0.01400 0.06600 0.08900 0.05100 0.03500 0.03500 0.03700 0.06200 0.05400 0.00200 0.01800 0.08900
Roseobacter_litoralis_2        0.10775 0.05035 0.02820 0.07452 0.00101 0.03525 0.07351 0.08258 0.01410 0.06747 0.09668 0.04935 0.03525 0.03021 0.03827 0.04935 0.06445 0.00504 0.01813 0.07855
Saccharomyces_cerevisiae_1     0.07773 0.05534 0.04084 0.05665 0.01186 0.03557 0.06192 0.07773 0.02240 0.08564 0.07773 0.05534 0.02372 0.04348 0.04875 0.05534 0.06324 0.00395 0.02108 0.08169
Saccharomyces_cerevisiae_2     0.07906 0.04487 0.02564 0.04701 0.01068 0.03419 0.07051 0.08120 0.01068 0.06838 0.09402 0.05342 0.02564 0.03205 0.05342 0.07906 0.07265 0.00855 0.03419 0.07479
